8 -52 -52 -52 -52 -52 -52 -52 
7 -52 -52 -52 -52 -52 -52 -52 
6 -52 -52 -52 -52 -52 -52 -52 
5 -52 -52 -52 -52 -52 -52 -52 
4 -52 -52 -52 -52 -52 -52 -52 
3 -52 -52 -52 -52 -52 -52 -52 
2 -52 -52 -52 -52 -52 -52 -52 
1 -52 -52 -52 -52 -52 -52 -52 
7 8 -52 -52 -52 -52 -52 -52 
6 8 -52 -52 -52 -52 -52 -52 
6 7 -52 -52 -52 -52 -52 -52 
5 7 -52 -52 -52 -52 -52 -52 
5 8 -52 -52 -52 -52 -52 -52 
5 6 -52 -52 -52 -52 -52 -52 
4 6 -52 -52 -52 -52 -52 -52 
4 8 -52 -52 -52 -52 -52 -52 
4 7 -52 -52 -52 -52 -52 -52 
4 5 -52 -52 -52 -52 -52 -52 
3 5 -52 -52 -52 -52 -52 -52 
3 8 -52 -52 -52 -52 -52 -52 
3 7 -52 -52 -52 -52 -52 -52 
3 6 -52 -52 -52 -52 -52 -52 
3 4 -52 -52 -52 -52 -52 -52 
2 4 -52 -52 -52 -52 -52 -52 
2 8 -52 -52 -52 -52 -52 -52 
2 7 -52 -52 -52 -52 -52 -52 
2 6 -52 -52 -52 -52 -52 -52 
2 5 -52 -52 -52 -52 -52 -52 
2 3 -52 -52 -52 -52 -52 -52 
1 3 -52 -52 -52 -52 -52 -52 
1 8 -52 -52 -52 -52 -52 -52 
1 7 -52 -52 -52 -52 -52 -52 
1 6 -52 -52 -52 -52 -52 -52 
1 5 -52 -52 -52 -52 -52 -52 
1 4 -52 -52 -52 -52 -52 -52 
1 2 -52 -52 -52 -52 -52 -52 
6 7 8 -52 -52 -52 -52 -52 
5 7 8 -52 -52 -52 -52 -52 
5 6 8 -52 -52 -52 -52 -52 
5 6 7 -52 -52 -52 -52 -52 
4 6 7 -52 -52 -52 -52 -52 
4 6 8 -52 -52 -52 -52 -52 
4 7 8 -52 -52 -52 -52 -52 
4 5 8 -52 -52 -52 -52 -52 
4 5 7 -52 -52 -52 -52 -52 
4 5 6 -52 -52 -52 -52 -52 
3 5 6 -52 -52 -52 -52 -52 
3 5 8 -52 -52 -52 -52 -52 
3 5 7 -52 -52 -52 -52 -52 
3 6 7 -52 -52 -52 -52 -52 
3 6 8 -52 -52 -52 -52 -52 
3 7 8 -52 -52 -52 -52 -52 
3 4 8 -52 -52 -52 -52 -52 
3 4 7 -52 -52 -52 -52 -52 
3 4 6 -52 -52 -52 -52 -52 
3 4 5 -52 -52 -52 -52 -52 
2 4 5 -52 -52 -52 -52 -52 
2 4 8 -52 -52 -52 -52 -52 
2 4 7 -52 -52 -52 -52 -52 
2 4 6 -52 -52 -52 -52 -52 
2 5 6 -52 -52 -52 -52 -52 
2 5 8 -52 -52 -52 -52 -52 
2 5 7 -52 -52 -52 -52 -52 
2 6 7 -52 -52 -52 -52 -52 
2 6 8 -52 -52 -52 -52 -52 
2 7 8 -52 -52 -52 -52 -52 
2 3 8 -52 -52 -52 -52 -52 
2 3 7 -52 -52 -52 -52 -52 
2 3 6 -52 -52 -52 -52 -52 
2 3 5 -52 -52 -52 -52 -52 
2 3 4 -52 -52 -52 -52 -52 
1 3 4 -52 -52 -52 -52 -52 
1 3 8 -52 -52 -52 -52 -52 
1 3 7 -52 -52 -52 -52 -52 
1 3 6 -52 -52 -52 -52 -52 
1 3 5 -52 -52 -52 -52 -52 
1 4 5 -52 -52 -52 -52 -52 
1 4 8 -52 -52 -52 -52 -52 
1 4 7 -52 -52 -52 -52 -52 
1 4 6 -52 -52 -52 -52 -52 
1 5 6 -52 -52 -52 -52 -52 
1 5 8 -52 -52 -52 -52 -52 
1 5 7 -52 -52 -52 -52 -52 
1 6 7 -52 -52 -52 -52 -52 
1 6 8 -52 -52 -52 -52 -52 
1 7 8 -52 -52 -52 -52 -52 
1 2 8 -52 -52 -52 -52 -52 
1 2 7 -52 -52 -52 -52 -52 
1 2 6 -52 -52 -52 -52 -52 
1 2 5 -52 -52 -52 -52 -52 
1 2 4 -52 -52 -52 -52 -52 
1 2 3 -52 -52 -52 -52 -52 
5 6 7 8 -52 -52 -52 -52 
4 6 7 8 -52 -52 -52 -52 
4 5 7 8 -52 -52 -52 -52 
4 5 6 8 -52 -52 -52 -52 
4 5 6 7 -52 -52 -52 -52 
3 5 6 7 -52 -52 -52 -52 
3 5 6 8 -52 -52 -52 -52 
3 5 7 8 -52 -52 -52 -52 
3 6 7 8 -52 -52 -52 -52 
3 4 7 8 -52 -52 -52 -52 
3 4 6 8 -52 -52 -52 -52 
3 4 6 7 -52 -52 -52 -52 
3 4 5 7 -52 -52 -52 -52 
3 4 5 8 -52 -52 -52 -52 
3 4 5 6 -52 -52 -52 -52 
2 4 5 6 -52 -52 -52 -52 
2 4 5 8 -52 -52 -52 -52 
2 4 5 7 -52 -52 -52 -52 
2 4 6 7 -52 -52 -52 -52 
2 4 6 8 -52 -52 -52 -52 
2 4 7 8 -52 -52 -52 -52 
2 6 7 8 -52 -52 -52 -52 
2 5 7 8 -52 -52 -52 -52 
2 5 6 8 -52 -52 -52 -52 
2 5 6 7 -52 -52 -52 -52 
2 3 6 7 -52 -52 -52 -52 
2 3 6 8 -52 -52 -52 -52 
2 3 7 8 -52 -52 -52 -52 
2 3 5 8 -52 -52 -52 -52 
2 3 5 7 -52 -52 -52 -52 
2 3 5 6 -52 -52 -52 -52 
2 3 4 6 -52 -52 -52 -52 
2 3 4 8 -52 -52 -52 -52 
2 3 4 7 -52 -52 -52 -52 
2 3 4 5 -52 -52 -52 -52 
1 3 4 5 -52 -52 -52 -52 
1 3 4 8 -52 -52 -52 -52 
1 3 4 7 -52 -52 -52 -52 
1 3 4 6 -52 -52 -52 -52 
1 3 5 6 -52 -52 -52 -52 
1 3 5 8 -52 -52 -52 -52 
1 3 5 7 -52 -52 -52 -52 
1 3 6 7 -52 -52 -52 -52 
1 3 6 8 -52 -52 -52 -52 
1 3 7 8 -52 -52 -52 -52 
1 6 7 8 -52 -52 -52 -52 
1 5 7 8 -52 -52 -52 -52 
1 5 6 8 -52 -52 -52 -52 
1 5 6 7 -52 -52 -52 -52 
1 4 6 7 -52 -52 -52 -52 
1 4 6 8 -52 -52 -52 -52 
1 4 7 8 -52 -52 -52 -52 
1 4 5 8 -52 -52 -52 -52 
1 4 5 7 -52 -52 -52 -52 
1 4 5 6 -52 -52 -52 -52 
1 2 5 6 -52 -52 -52 -52 
1 2 5 8 -52 -52 -52 -52 
1 2 5 7 -52 -52 -52 -52 
1 2 6 7 -52 -52 -52 -52 
1 2 6 8 -52 -52 -52 -52 
1 2 7 8 -52 -52 -52 -52 
1 2 4 8 -52 -52 -52 -52 
1 2 4 7 -52 -52 -52 -52 
1 2 4 6 -52 -52 -52 -52 
1 2 4 5 -52 -52 -52 -52 
1 2 3 5 -52 -52 -52 -52 
1 2 3 8 -52 -52 -52 -52 
1 2 3 7 -52 -52 -52 -52 
1 2 3 6 -52 -52 -52 -52 
1 2 3 4 -52 -52 -52 -52 
4 5 6 7 8 -52 -52 -52 
3 5 6 7 8 -52 -52 -52 
3 4 6 7 8 -52 -52 -52 
3 4 5 7 8 -52 -52 -52 
3 4 5 6 8 -52 -52 -52 
3 4 5 6 7 -52 -52 -52 
2 4 5 6 7 -52 -52 -52 
2 4 5 6 8 -52 -52 -52 
2 4 5 7 8 -52 -52 -52 
2 4 6 7 8 -52 -52 -52 
2 5 6 7 8 -52 -52 -52 
2 3 6 7 8 -52 -52 -52 
2 3 5 7 8 -52 -52 -52 
2 3 5 6 8 -52 -52 -52 
2 3 5 6 7 -52 -52 -52 
2 3 4 6 7 -52 -52 -52 
2 3 4 6 8 -52 -52 -52 
2 3 4 7 8 -52 -52 -52 
2 3 4 5 8 -52 -52 -52 
2 3 4 5 7 -52 -52 -52 
2 3 4 5 6 -52 -52 -52 
1 3 4 5 6 -52 -52 -52 
1 3 4 5 8 -52 -52 -52 
1 3 4 5 7 -52 -52 -52 
1 3 4 6 7 -52 -52 -52 
1 3 4 6 8 -52 -52 -52 
1 3 4 7 8 -52 -52 -52 
1 3 6 7 8 -52 -52 -52 
1 3 5 7 8 -52 -52 -52 
1 3 5 6 8 -52 -52 -52 
1 3 5 6 7 -52 -52 -52 
1 4 5 6 7 -52 -52 -52 
1 4 5 6 8 -52 -52 -52 
1 4 5 7 8 -52 -52 -52 
1 4 6 7 8 -52 -52 -52 
1 5 6 7 8 -52 -52 -52 
1 2 6 7 8 -52 -52 -52 
1 2 5 7 8 -52 -52 -52 
1 2 5 6 8 -52 -52 -52 
1 2 5 6 7 -52 -52 -52 
1 2 4 6 7 -52 -52 -52 
1 2 4 6 8 -52 -52 -52 
1 2 4 7 8 -52 -52 -52 
1 2 4 5 8 -52 -52 -52 
1 2 4 5 7 -52 -52 -52 
1 2 4 5 6 -52 -52 -52 
1 2 3 5 6 -52 -52 -52 
1 2 3 5 8 -52 -52 -52 
1 2 3 5 7 -52 -52 -52 
1 2 3 6 7 -52 -52 -52 
1 2 3 6 8 -52 -52 -52 
1 2 3 7 8 -52 -52 -52 
1 2 3 4 8 -52 -52 -52 
1 2 3 4 7 -52 -52 -52 
1 2 3 4 6 -52 -52 -52 
1 2 3 4 5 -52 -52 -52 
3 4 5 6 7 8 -52 -52 
2 4 5 6 7 8 -52 -52 
2 3 5 6 7 8 -52 -52 
2 3 4 6 7 8 -52 -52 
2 3 4 5 7 8 -52 -52 
2 3 4 5 6 8 -52 -52 
2 3 4 5 6 7 -52 -52 
1 3 4 5 6 7 -52 -52 
1 3 4 5 6 8 -52 -52 
1 3 4 5 7 8 -52 -52 
1 3 4 6 7 8 -52 -52 
1 3 5 6 7 8 -52 -52 
1 4 5 6 7 8 -52 -52 
1 2 5 6 7 8 -52 -52 
1 2 4 6 7 8 -52 -52 
1 2 4 5 7 8 -52 -52 
1 2 4 5 6 8 -52 -52 
1 2 4 5 6 7 -52 -52 
1 2 3 5 6 7 -52 -52 
1 2 3 5 6 8 -52 -52 
1 2 3 5 7 8 -52 -52 
1 2 3 6 7 8 -52 -52 
1 2 3 4 7 8 -52 -52 
1 2 3 4 6 8 -52 -52 
1 2 3 4 6 7 -52 -52 
1 2 3 4 5 7 -52 -52 
1 2 3 4 5 8 -52 -52 
1 2 3 4 5 6 -52 -52 
2 3 4 5 6 7 8 -52 
1 3 4 5 6 7 8 -52 
1 2 4 5 6 7 8 -52 
1 2 3 5 6 7 8 -52 
1 2 3 4 6 7 8 -52 
1 2 3 4 5 7 8 -52 
1 2 3 4 5 6 8 -52 
1 2 3 4 5 6 7 -52 
1 2 3 4 5 6 7 8 
