/*0x00*/{64,0,0,0,0,0,0,0,0,0,0,0,0,0,0,0,},
/*0x01*/{0,0,0,8,0,8,0,0,0,8,0,16,0,16,0,8,},
/*0x02*/{0,0,0,2,0,6,4,4,0,2,4,8,4,8,12,10,},
/*0x03*/{10,4,8,0,4,0,6,4,4,0,2,8,2,8,4,0,},
/*0x04*/{0,0,0,8,0,4,6,10,0,4,6,2,4,8,8,4,},
/*0x05*/{2,2,6,6,2,0,8,6,8,2,2,4,8,0,4,4,},
/*0x06*/{0,6,6,6,6,6,0,2,8,4,6,4,6,4,0,0,},
/*0x07*/{2,8,2,6,2,2,6,8,6,2,2,0,6,4,6,2,},
/*0x08*/{0,0,0,8,0,4,8,12,0,0,4,4,4,4,8,8,},
/*0x09*/{4,6,6,0,2,8,4,2,4,2,10,0,2,4,8,2,},
/*0x0a*/{0,12,4,6,4,2,4,0,8,6,4,0,4,4,4,2,},
/*0x0b*/{2,4,2,2,6,6,2,4,2,2,6,8,6,4,6,2,},
/*0x0c*/{0,0,0,0,0,0,2,2,0,12,14,2,16,12,0,4,},
/*0x0d*/{10,8,4,2,12,0,4,8,0,8,0,0,2,0,0,6,},
/*0x0e*/{0,6,14,2,14,2,8,2,0,4,2,4,2,0,0,4,},
/*0x0f*/{2,8,4,0,4,0,2,8,4,4,6,8,2,8,0,4,},
/*0x10*/{0,0,0,8,0,4,12,8,0,0,0,0,4,8,16,4,},
/*0x11*/{4,4,2,6,2,6,4,4,6,2,4,4,4,4,6,2,},
/*0x12*/{0,8,6,12,2,2,2,0,8,6,2,6,0,6,4,0,},
/*0x13*/{8,2,4,2,2,8,4,2,4,2,4,2,4,2,10,4,},
/*0x14*/{0,4,4,4,6,6,0,8,14,6,0,8,0,0,0,4,},
/*0x15*/{6,4,6,0,4,8,2,2,6,2,4,4,8,2,4,2,},
/*0x16*/{0,2,8,0,10,4,8,0,2,2,6,4,6,2,8,2,},
/*0x17*/{4,4,4,8,0,8,2,2,2,10,2,2,0,4,2,10,},
/*0x18*/{0,8,8,0,8,8,0,0,16,8,0,8,0,0,0,0,},
/*0x19*/{2,4,2,8,6,0,6,4,6,4,2,4,6,4,2,4,},
/*0x1a*/{0,4,6,4,6,2,6,4,4,2,2,2,4,6,4,8,},
/*0x1b*/{2,0,4,10,6,4,6,0,6,8,4,2,4,2,0,6,},
/*0x1c*/{0,4,4,4,2,6,4,8,2,2,8,8,4,0,0,8,},
/*0x1d*/{4,4,6,2,4,2,4,6,2,4,10,0,2,2,8,4,},
/*0x1e*/{0,10,4,0,6,8,0,4,2,6,6,4,6,2,0,6,},
/*0x1f*/{2,2,4,4,8,4,4,4,4,4,6,2,8,0,4,4,},
/*0x20*/{0,0,0,4,0,6,12,6,0,0,10,6,10,4,0,6,},
/*0x21*/{2,6,2,4,4,4,8,6,8,4,2,4,4,0,2,4,},
/*0x22*/{16,4,2,4,4,2,2,2,6,6,4,2,6,4,0,0,},
/*0x23*/{0,8,4,2,2,0,6,6,6,6,2,8,4,10,0,0,},
/*0x24*/{0,8,0,4,4,6,2,4,12,8,4,8,2,0,0,2,},
/*0x25*/{4,4,4,6,6,4,4,4,2,0,2,2,10,2,8,2,},
/*0x26*/{8,2,0,0,0,8,8,10,0,2,4,4,0,0,12,6,},
/*0x27*/{2,4,6,6,2,2,2,4,4,2,8,12,4,0,4,2,},
/*0x28*/{0,8,8,4,4,6,4,2,4,4,6,2,6,4,0,2,},
/*0x29*/{6,4,4,4,2,4,0,4,2,4,6,2,4,6,8,4,},
/*0x2a*/{0,0,2,12,0,2,2,10,2,2,4,6,6,8,0,8,},
/*0x2b*/{8,4,6,0,4,2,6,6,4,0,6,0,4,2,10,2,},
/*0x2c*/{0,8,0,4,0,6,14,4,0,4,4,8,6,0,0,6,},
/*0x2d*/{4,2,6,2,4,4,4,2,8,4,10,4,2,4,2,2,},
/*0x2e*/{8,2,4,0,4,4,4,2,8,6,4,4,4,4,4,2,},
/*0x2f*/{6,8,0,0,8,4,2,8,2,0,0,4,4,12,2,4,},
/*0x30*/{0,10,6,8,6,2,0,0,4,6,4,2,4,4,8,0,},
/*0x31*/{2,4,2,2,4,6,4,4,6,4,4,8,6,0,4,4,},
/*0x32*/{4,2,2,6,2,4,8,8,0,2,4,0,4,6,8,4,},
/*0x33*/{2,2,4,4,2,8,4,6,4,4,4,4,6,0,6,4,},
/*0x34*/{0,2,14,0,16,0,0,0,2,4,0,2,0,8,8,8,},
/*0x35*/{8,8,10,4,2,4,2,6,0,6,2,2,0,4,0,6,},
/*0x36*/{12,0,0,2,0,0,4,2,8,8,6,8,6,2,4,2,},
/*0x37*/{4,0,4,0,6,12,6,0,2,10,0,0,2,8,0,10,},
/*0x38*/{0,2,14,0,14,2,0,0,4,2,0,2,0,4,16,4,},
/*0x39*/{4,0,2,8,4,0,2,0,0,8,0,10,2,14,2,8,},
/*0x3a*/{12,6,6,2,6,8,0,4,0,6,0,4,0,6,0,4,},
/*0x3b*/{8,0,4,8,6,4,2,0,6,6,4,0,6,0,4,6,},
/*0x3c*/{0,10,6,8,4,4,0,0,6,4,4,2,4,8,0,4,},
/*0x3d*/{2,4,2,2,6,6,8,6,6,2,6,0,4,2,6,2,},
/*0x3e*/{4,0,0,6,0,4,4,10,8,0,6,4,6,2,4,6,},
/*0x3f*/{2,6,4,12,2,0,4,2,4,4,8,4,2,0,6,4,},
