*/0x00*/	0:	1:	2:	3:	4:	5:	6:	7:	
*/0x01*/	0:	(00,01,10,00,00,04,00,04,)	(00,01,10,01,10,00,00,04,)	1:	2:	3:	4:	(00,00,00,00,00,04,00,04,)	(00,00,00,01,10,00,00,04,)	(00,01,10,00,00,00,00,04,)	(00,01,10,01,10,04,00,04,)	5:	6:	7:	
*/0x02*/	0:	1:	2:	(00,01,10,01,10,04,00,00,)	3:	(00,01,10,01,10,04,00,04,)	4:	(00,01,10,00,00,04,00,04,)	(00,01,10,01,10,00,00,04,)	5:	(00,00,00,01,10,00,00,04,)	6:	(00,00,00,01,10,04,00,00,)	(00,01,10,00,00,04,00,00,)	(00,01,10,01,10,00,00,00,)	(00,00,00,01,10,04,00,04,)	7:	(00,00,00,00,00,04,00,04,)	(00,01,10,00,00,00,00,04,)	
*/0x03*/	0:	1:	2:	3:	(00,00,00,00,00,00,00,00,)	4:	(00,00,00,00,00,04,00,00,)	(00,01,10,00,00,04,00,04,)	(00,01,10,01,10,00,00,04,)	5:	(00,00,00,01,10,04,00,00,)	6:	(00,00,00,00,00,00,00,04,)	(00,00,00,01,10,00,00,00,)	(00,01,10,00,00,00,00,00,)	(00,00,00,01,10,04,00,04,)	(00,01,10,01,10,04,00,00,)	7:	(00,01,10,00,00,04,00,00,)	(00,01,10,01,10,00,00,00,)	
*/0x04*/	0:	1:	2:	3:	(00,00,00,01,10,04,00,04,)	4:	(00,00,00,00,00,04,00,04,)	(00,01,10,01,10,00,00,04,)	(00,01,10,01,10,04,00,00,)	5:	(00,00,00,01,10,04,00,00,)	(00,01,10,00,00,04,00,00,)	6:	(00,00,00,01,10,00,00,04,)	(00,01,10,00,00,00,00,04,)	(00,01,10,01,10,00,00,00,)	(00,01,10,01,10,04,00,04,)	7:	(00,01,10,00,00,04,00,04,)	
*/0x05*/	0:	1:	2:	3:	4:	(00,01,10,00,00,00,00,00,)	(00,00,00,01,10,04,00,00,)	(00,01,10,01,10,00,00,00,)	5:	(00,00,00,00,00,04,00,00,)	(00,00,00,00,00,04,00,04,)	(00,00,00,01,10,04,00,04,)	6:	(00,01,10,00,00,04,00,04,)	(00,01,10,01,10,04,00,00,)	(00,01,10,01,10,04,00,04,)	7:	(00,00,00,00,00,00,00,00,)	(00,00,00,00,00,00,00,04,)	(00,00,00,01,10,00,00,00,)	(00,01,10,00,00,00,00,04,)	(00,01,10,00,00,04,00,00,)	
*/0x06*/	0:	1:	2:	3:	4:	(00,01,10,00,00,00,00,00,)	5:	(00,00,00,00,00,00,00,04,)	(00,00,00,00,00,04,00,00,)	(00,00,00,01,10,00,00,00,)	(00,00,00,00,00,04,00,04,)	(00,00,00,01,10,00,00,04,)	(00,01,10,00,00,04,00,00,)	(00,01,10,01,10,00,00,00,)	6:	(00,01,10,00,00,00,00,04,)	(00,01,10,00,00,04,00,04,)	(00,01,10,01,10,00,00,04,)	7:	(00,00,00,01,10,04,00,04,)	
*/0x07*/	0:	1:	2:	3:	4:	(00,00,00,00,00,00,00,04,)	(00,00,00,01,10,04,00,04,)	5:	(00,01,10,00,00,00,00,00,)	(00,00,00,00,00,04,00,04,)	(00,00,00,01,10,04,00,00,)	(00,01,10,01,10,00,00,00,)	(00,01,10,01,10,04,00,00,)	6:	(00,01,10,01,10,00,00,04,)	7:	(00,00,00,00,00,00,00,00,)	(00,00,00,00,00,04,00,00,)	(00,00,00,01,10,00,00,00,)	(00,00,00,01,10,00,00,04,)	(00,01,10,00,00,00,00,04,)	(00,01,10,00,00,04,00,00,)	(00,01,10,01,10,04,00,04,)	
*/0x08*/	0:	1:	2:	(00,00,00,01,10,04,00,04,)	3:	4:	(00,00,00,00,00,04,00,04,)	(00,00,00,01,10,04,00,00,)	(00,01,10,01,10,04,00,00,)	(00,01,10,01,10,04,00,04,)	5:	6:	(00,00,00,01,10,00,00,04,)	(00,01,10,00,00,04,00,00,)	(00,01,10,01,10,00,00,00,)	(00,01,10,00,00,04,00,04,)	(00,01,10,01,10,00,00,04,)	7:	
*/0x09*/	0:	1:	2:	3:	(00,01,10,00,00,04,00,00,)	4:	(00,00,00,01,10,00,00,04,)	(00,01,10,01,10,04,00,00,)	5:	(00,00,00,00,00,00,00,04,)	(00,00,00,00,00,04,00,00,)	6:	(00,00,00,00,00,00,00,00,)	(00,01,10,00,00,00,00,00,)	(00,00,00,01,10,04,00,00,)	(00,01,10,01,10,00,00,04,)	7:	(00,00,00,01,10,00,00,00,)	(00,01,10,00,00,00,00,04,)	(00,01,10,01,10,00,00,00,)	(00,00,00,01,10,04,00,04,)	(00,01,10,01,10,04,00,04,)	
*/0x0a*/	0:	1:	2:	(00,00,00,00,00,00,00,04,)	3:	4:	(00,01,10,00,00,00,00,00,)	5:	(00,00,00,00,00,04,00,04,)	(00,01,10,00,00,00,00,04,)	6:	(00,00,00,00,00,04,00,00,)	(00,00,00,01,10,00,00,00,)	(00,00,00,01,10,04,00,00,)	(00,01,10,00,00,04,00,00,)	(00,01,10,01,10,00,00,00,)	(00,01,10,01,10,00,00,04,)	(00,01,10,01,10,04,00,00,)	7:	(00,00,00,01,10,00,00,04,)	(00,01,10,01,10,04,00,04,)	
*/0x0b*/	0:	1:	2:	3:	4:	(00,01,10,00,00,04,00,04,)	5:	(00,00,00,01,10,00,00,00,)	(00,00,00,01,10,00,00,04,)	(00,01,10,00,00,04,00,00,)	(00,01,10,01,10,00,00,00,)	(00,01,10,01,10,04,00,00,)	6:	(00,00,00,00,00,00,00,04,)	(00,00,00,01,10,04,00,04,)	(00,01,10,01,10,00,00,04,)	7:	(00,00,00,00,00,00,00,00,)	(00,00,00,00,00,04,00,00,)	(00,01,10,00,00,00,00,00,)	(00,00,00,00,00,04,00,04,)	(00,00,00,01,10,04,00,00,)	(00,01,10,00,00,00,00,04,)	(00,01,10,01,10,04,00,04,)	
*/0x0c*/	0:	(00,01,10,01,10,00,00,00,)	1:	(00,01,10,00,00,04,00,00,)	2:	(00,01,10,00,00,00,00,04,)	(00,01,10,01,10,00,00,04,)	3:	4:	5:	6:	(00,01,10,01,10,04,00,04,)	7:	(00,00,00,01,10,04,00,00,)	(00,00,00,01,10,04,00,04,)	(00,01,10,00,00,04,00,04,)	
*/0x0d*/	0:	1:	2:	(00,00,00,01,10,00,00,00,)	3:	(00,00,00,00,00,00,00,00,)	4:	(00,00,00,00,00,00,00,04,)	(00,01,10,00,00,00,00,04,)	(00,00,00,01,10,04,00,04,)	5:	(00,01,10,01,10,04,00,04,)	6:	(00,00,00,00,00,04,00,00,)	(00,00,00,01,10,04,00,00,)	7:	(00,00,00,00,00,04,00,04,)	(00,01,10,01,10,00,00,00,)	
*/0x0e*/	0:	1:	(00,00,00,00,00,04,00,00,)	(00,00,00,01,10,00,00,00,)	2:	3:	4:	(00,00,00,01,10,04,00,00,)	5:	(00,00,00,00,00,00,00,04,)	6:	(00,01,10,00,00,00,00,04,)	(00,01,10,00,00,04,00,04,)	(00,01,10,01,10,04,00,04,)	7:	(00,00,00,00,00,04,00,04,)	(00,00,00,01,10,00,00,04,)	(00,01,10,00,00,04,00,00,)	(00,01,10,01,10,00,00,00,)	(00,00,00,01,10,04,00,04,)	
*/0x0f*/	0:	1:	2:	3:	4:	(00,00,00,00,00,00,00,04,)	(00,00,00,01,10,04,00,04,)	(00,01,10,00,00,04,00,04,)	(00,01,10,01,10,00,00,04,)	5:	(00,01,10,00,00,04,00,00,)	6:	(00,00,00,00,00,04,00,00,)	(00,00,00,01,10,00,00,00,)	(00,01,10,00,00,00,00,00,)	(00,01,10,00,00,00,00,04,)	(00,01,10,01,10,04,00,04,)	7:	(00,00,00,00,00,00,00,00,)	(00,00,00,01,10,04,00,00,)	(00,01,10,01,10,00,00,00,)	
*/0x10*/	0:	(00,01,10,01,10,04,00,00,)	1:	2:	(00,00,00,01,10,04,00,00,)	3:	4:	(00,00,00,00,00,04,00,04,)	(00,00,00,01,10,04,00,04,)	(00,01,10,01,10,00,00,04,)	5:	6:	(00,00,00,01,10,00,00,04,)	(00,01,10,01,10,00,00,00,)	(00,01,10,01,10,04,00,04,)	7:	
*/0x11*/	0:	1:	2:	3:	4:	5:	(00,01,10,00,00,00,00,00,)	(00,00,00,00,00,04,00,04,)	(00,00,00,01,10,00,00,04,)	(00,01,10,01,10,04,00,00,)	6:	(00,00,00,00,00,00,00,00,)	(00,00,00,00,00,00,00,04,)	(00,00,00,01,10,04,00,00,)	(00,01,10,00,00,04,00,00,)	(00,01,10,01,10,00,00,00,)	(00,00,00,01,10,04,00,04,)	(00,01,10,00,00,04,00,04,)	(00,01,10,01,10,00,00,04,)	7:	(00,00,00,00,00,04,00,00,)	(00,00,00,01,10,00,00,00,)	(00,01,10,00,00,00,00,04,)	(00,01,10,01,10,04,00,04,)	
*/0x12*/	0:	1:	2:	(00,00,00,00,00,04,00,04,)	3:	4:	(00,00,00,00,00,00,00,04,)	(00,01,10,00,00,00,00,00,)	5:	(00,00,00,00,00,04,00,00,)	(00,01,10,00,00,00,00,04,)	(00,01,10,00,00,04,00,04,)	(00,01,10,01,10,00,00,04,)	6:	(00,01,10,01,10,04,00,00,)	7:	(00,00,00,01,10,00,00,00,)	(00,00,00,01,10,00,00,04,)	(00,00,00,01,10,04,00,00,)	(00,01,10,00,00,04,00,00,)	
*/0x13*/	0:	1:	2:	3:	(00,01,10,01,10,04,00,00,)	4:	(00,00,00,00,00,00,00,00,)	(00,00,00,01,10,00,00,04,)	5:	6:	(00,00,00,00,00,04,00,00,)	(00,01,10,00,00,00,00,00,)	(00,00,00,01,10,04,00,00,)	(00,01,10,00,00,04,00,00,)	(00,01,10,01,10,00,00,00,)	(00,01,10,01,10,04,00,04,)	7:	(00,00,00,00,00,00,00,04,)	(00,00,00,01,10,00,00,00,)	(00,00,00,00,00,04,00,04,)	(00,01,10,00,00,00,00,04,)	(00,00,00,01,10,04,00,04,)	(00,01,10,00,00,04,00,04,)	(00,01,10,01,10,00,00,04,)	
*/0x14*/	0:	1:	(00,01,10,00,00,00,00,00,)	2:	3:	4:	(00,00,00,01,10,04,00,04,)	(00,01,10,00,00,04,00,04,)	5:	(00,00,00,01,10,00,00,00,)	(00,00,00,01,10,00,00,04,)	(00,01,10,00,00,00,00,04,)	6:	(00,00,00,00,00,00,00,04,)	(00,00,00,00,00,04,00,00,)	(00,00,00,00,00,04,00,04,)	(00,01,10,01,10,04,00,04,)	7:	
*/0x15*/	0:	1:	2:	3:	4:	(00,00,00,01,10,00,00,04,)	(00,01,10,01,10,00,00,00,)	5:	(00,00,00,00,00,00,00,00,)	(00,00,00,00,00,04,00,00,)	(00,01,10,00,00,00,00,00,)	6:	(00,00,00,00,00,00,00,04,)	(00,00,00,01,10,00,00,00,)	(00,01,10,00,00,04,00,00,)	(00,01,10,00,00,04,00,04,)	(00,01,10,01,10,04,00,00,)	7:	(00,00,00,01,10,04,00,00,)	(00,01,10,00,00,00,00,04,)	(00,00,00,01,10,04,00,04,)	(00,01,10,01,10,00,00,04,)	(00,01,10,01,10,04,00,04,)	
*/0x16*/	0:	1:	2:	3:	(00,00,00,01,10,00,00,00,)	4:	(00,00,00,00,00,04,00,00,)	(00,00,00,01,10,04,00,00,)	(00,01,10,01,10,04,00,00,)	5:	(00,01,10,00,00,04,00,00,)	(00,01,10,01,10,00,00,00,)	6:	(00,00,00,01,10,00,00,04,)	(00,01,10,00,00,04,00,04,)	7:	(00,00,00,00,00,00,00,04,)	(00,01,10,00,00,00,00,00,)	(00,01,10,00,00,00,00,04,)	(00,01,10,01,10,00,00,04,)	(00,01,10,01,10,04,00,04,)	
*/0x17*/	0:	1:	2:	3:	(00,01,10,00,00,00,00,04,)	(00,01,10,01,10,04,00,04,)	4:	(00,00,00,00,00,04,00,04,)	(00,00,00,01,10,00,00,04,)	5:	6:	(00,00,00,00,00,00,00,00,)	(00,00,00,00,00,00,00,04,)	(00,00,00,00,00,04,00,00,)	(00,01,10,01,10,00,00,04,)	7:	(00,01,10,00,00,00,00,00,)	(00,00,00,01,10,04,00,00,)	(00,01,10,00,00,04,00,00,)	(00,00,00,01,10,04,00,04,)	(00,01,10,00,00,04,00,04,)	(00,01,10,01,10,04,00,00,)	
*/0x18*/	0:	(00,01,10,00,00,00,00,00,)	1:	2:	3:	4:	(00,00,00,00,00,00,00,04,)	(00,00,00,00,00,04,00,00,)	(00,00,00,01,10,00,00,00,)	(00,00,00,01,10,00,00,04,)	(00,01,10,00,00,00,00,04,)	(00,01,10,00,00,04,00,04,)	5:	6:	7:	
*/0x19*/	0:	1:	2:	3:	4:	(00,00,00,00,00,04,00,04,)	5:	(00,00,00,01,10,00,00,00,)	(00,01,10,00,00,00,00,00,)	(00,00,00,01,10,04,00,00,)	(00,01,10,01,10,00,00,00,)	6:	(00,00,00,00,00,00,00,04,)	(00,01,10,00,00,00,00,04,)	(00,00,00,01,10,04,00,04,)	(00,01,10,00,00,04,00,04,)	(00,01,10,01,10,00,00,04,)	(00,01,10,01,10,04,00,04,)	7:	(00,00,00,00,00,00,00,00,)	(00,00,00,00,00,04,00,00,)	(00,01,10,00,00,04,00,00,)	(00,01,10,01,10,04,00,00,)	
*/0x1a*/	0:	1:	2:	3:	4:	(00,01,10,01,10,04,00,04,)	5:	(00,00,00,00,00,04,00,00,)	(00,00,00,01,10,00,00,00,)	(00,00,00,01,10,04,00,00,)	(00,01,10,01,10,00,00,04,)	6:	(00,00,00,00,00,00,00,04,)	(00,01,10,00,00,00,00,00,)	(00,00,00,00,00,04,00,04,)	(00,01,10,01,10,00,00,00,)	(00,00,00,01,10,04,00,04,)	(00,01,10,01,10,04,00,00,)	7:	(00,00,00,01,10,00,00,04,)	(00,01,10,00,00,00,00,04,)	(00,01,10,00,00,04,00,00,)	(00,01,10,00,00,04,00,04,)	
*/0x1b*/	0:	1:	2:	3:	(00,00,00,00,00,04,00,04,)	4:	(00,01,10,00,00,00,00,04,)	5:	(00,00,00,01,10,00,00,00,)	(00,01,10,00,00,00,00,00,)	(00,00,00,01,10,04,00,00,)	(00,01,10,01,10,04,00,04,)	6:	(00,00,00,00,00,04,00,00,)	(00,00,00,01,10,00,00,04,)	(00,01,10,00,00,04,00,00,)	(00,01,10,01,10,00,00,00,)	7:	(00,00,00,00,00,00,00,00,)	(00,01,10,00,00,04,00,04,)	(00,01,10,01,10,00,00,04,)	
*/0x1c*/	0:	1:	2:	3:	4:	(00,01,10,00,00,04,00,00,)	(00,00,00,01,10,04,00,04,)	(00,01,10,00,00,04,00,04,)	(00,01,10,01,10,04,00,04,)	5:	(00,00,00,01,10,00,00,04,)	6:	(00,00,00,00,00,00,00,04,)	(00,00,00,00,00,04,00,00,)	(00,00,00,00,00,04,00,04,)	(00,00,00,01,10,04,00,00,)	(00,01,10,01,10,00,00,00,)	7:	(00,00,00,01,10,00,00,00,)	(00,01,10,00,00,00,00,00,)	(00,01,10,00,00,00,00,04,)	
*/0x1d*/	0:	1:	2:	3:	(00,01,10,00,00,04,00,00,)	4:	(00,01,10,01,10,04,00,00,)	5:	(00,00,00,00,00,04,00,00,)	(00,00,00,01,10,04,00,04,)	6:	(00,00,00,00,00,00,00,00,)	(00,00,00,00,00,00,00,04,)	(00,00,00,01,10,00,00,00,)	(00,00,00,01,10,04,00,00,)	(00,01,10,00,00,00,00,04,)	(00,01,10,01,10,04,00,04,)	7:	(00,01,10,00,00,00,00,00,)	(00,00,00,00,00,04,00,04,)	(00,00,00,01,10,00,00,04,)	(00,01,10,01,10,00,00,00,)	(00,01,10,01,10,00,00,04,)	
*/0x1e*/	0:	1:	2:	3:	(00,00,00,00,00,00,00,04,)	4:	(00,00,00,01,10,00,00,04,)	5:	(00,00,00,01,10,00,00,00,)	(00,01,10,00,00,00,00,04,)	(00,01,10,00,00,04,00,00,)	(00,01,10,01,10,00,00,00,)	(00,01,10,01,10,04,00,04,)	6:	(00,00,00,00,00,04,00,00,)	(00,00,00,01,10,04,00,04,)	(00,01,10,00,00,04,00,04,)	7:	(00,01,10,00,00,00,00,00,)	(00,01,10,01,10,00,00,04,)	
*/0x1f*/	0:	1:	2:	3:	4:	(00,00,00,01,10,00,00,00,)	(00,01,10,01,10,00,00,00,)	5:	(00,01,10,00,00,04,00,00,)	6:	(00,00,00,00,00,04,00,00,)	(00,01,10,00,00,00,00,00,)	(00,00,00,00,00,04,00,04,)	(00,00,00,01,10,00,00,04,)	(00,00,00,01,10,04,00,00,)	(00,01,10,00,00,00,00,04,)	(00,00,00,01,10,04,00,04,)	(00,01,10,01,10,04,00,00,)	(00,01,10,01,10,04,00,04,)	7:	(00,00,00,00,00,00,00,00,)	(00,00,00,00,00,00,00,04,)	(00,01,10,00,00,04,00,04,)	
*/0x20*/	0:	1:	2:	(00,00,00,01,10,04,00,00,)	3:	(00,01,10,00,00,04,00,00,)	(00,01,10,01,10,00,00,00,)	4:	5:	(00,00,00,01,10,00,00,04,)	(00,00,00,01,10,04,00,04,)	(00,01,10,00,00,04,00,04,)	(00,01,10,01,10,04,00,04,)	6:	(00,00,00,00,00,04,00,04,)	(00,01,10,01,10,00,00,04,)	7:	
*/0x21*/	0:	1:	2:	3:	4:	(00,01,10,00,00,00,00,00,)	(00,00,00,01,10,04,00,00,)	5:	(00,00,00,00,00,00,00,04,)	(00,00,00,01,10,04,00,04,)	6:	(00,00,00,01,10,00,00,00,)	(00,00,00,00,00,04,00,04,)	(00,00,00,01,10,00,00,04,)	(00,01,10,00,00,00,00,04,)	(00,01,10,01,10,00,00,00,)	(00,01,10,00,00,04,00,04,)	(00,01,10,01,10,04,00,04,)	7:	(00,00,00,00,00,00,00,00,)	(00,00,00,00,00,04,00,00,)	(00,01,10,00,00,04,00,00,)	(00,01,10,01,10,04,00,00,)	
*/0x22*/	0:	(00,00,00,00,00,00,00,00,)	1:	2:	3:	4:	5:	(00,01,10,00,00,00,00,00,)	(00,01,10,00,00,00,00,04,)	(00,01,10,01,10,00,00,00,)	6:	(00,00,00,00,00,00,00,04,)	(00,00,00,01,10,00,00,00,)	(00,00,00,00,00,04,00,04,)	(00,01,10,00,00,04,00,00,)	(00,01,10,01,10,00,00,04,)	7:	(00,00,00,00,00,04,00,00,)	(00,00,00,01,10,00,00,04,)	(00,00,00,01,10,04,00,00,)	(00,00,00,01,10,04,00,04,)	(00,01,10,00,00,04,00,04,)	
*/0x23*/	0:	1:	2:	3:	(00,01,10,01,10,00,00,04,)	4:	(00,00,00,00,00,00,00,04,)	(00,01,10,00,00,04,00,04,)	5:	(00,01,10,00,00,00,00,00,)	(00,00,00,01,10,04,00,00,)	(00,01,10,00,00,00,00,04,)	(00,00,00,01,10,04,00,04,)	6:	(00,00,00,00,00,04,00,00,)	(00,01,10,01,10,00,00,00,)	7:	(00,00,00,01,10,00,00,00,)	(00,00,00,00,00,04,00,04,)	(00,01,10,00,00,04,00,00,)	
*/0x24*/	0:	1:	2:	(00,01,10,00,00,00,00,00,)	3:	4:	(00,00,00,00,00,00,00,04,)	(00,01,10,00,00,00,00,04,)	(00,01,10,00,00,04,00,04,)	5:	(00,00,00,01,10,00,00,04,)	6:	(00,00,00,01,10,00,00,00,)	(00,00,00,00,00,04,00,04,)	(00,01,10,00,00,04,00,00,)	(00,00,00,01,10,04,00,04,)	7:	(00,00,00,01,10,04,00,00,)	(00,01,10,01,10,00,00,00,)	(00,01,10,01,10,04,00,04,)	
*/0x25*/	0:	1:	2:	3:	(00,01,10,01,10,00,00,00,)	4:	(00,01,10,01,10,04,00,00,)	5:	(00,00,00,01,10,00,00,00,)	(00,00,00,00,00,04,00,04,)	6:	(00,00,00,00,00,00,00,00,)	(00,00,00,00,00,00,00,04,)	(00,00,00,00,00,04,00,00,)	(00,00,00,01,10,00,00,04,)	(00,00,00,01,10,04,00,00,)	(00,00,00,01,10,04,00,04,)	7:	(00,01,10,00,00,00,00,00,)	(00,01,10,00,00,04,00,00,)	(00,01,10,00,00,04,00,04,)	(00,01,10,01,10,00,00,04,)	(00,01,10,01,10,04,00,04,)	
*/0x26*/	0:	1:	2:	(00,01,10,01,10,04,00,00,)	3:	(00,00,00,01,10,04,00,04,)	4:	(00,00,00,00,00,00,00,00,)	(00,00,00,01,10,00,00,04,)	(00,00,00,01,10,04,00,00,)	5:	(00,01,10,01,10,04,00,04,)	6:	(00,01,10,00,00,04,00,00,)	(00,01,10,00,00,04,00,04,)	7:	(00,00,00,00,00,00,00,04,)	(00,01,10,00,00,00,00,04,)	
*/0x27*/	0:	1:	2:	(00,01,10,00,00,04,00,04,)	3:	4:	(00,01,10,00,00,04,00,00,)	5:	(00,00,00,00,00,04,00,00,)	(00,00,00,00,00,04,00,04,)	6:	(00,00,00,00,00,00,00,04,)	(00,01,10,00,00,00,00,00,)	(00,01,10,01,10,00,00,00,)	(00,00,00,01,10,04,00,04,)	(00,01,10,01,10,04,00,00,)	7:	(00,00,00,00,00,00,00,00,)	(00,00,00,01,10,00,00,00,)	(00,00,00,01,10,00,00,04,)	(00,00,00,01,10,04,00,00,)	(00,01,10,00,00,00,00,04,)	(00,01,10,01,10,04,00,04,)	
*/0x28*/	0:	1:	2:	3:	4:	(00,00,00,00,00,00,00,04,)	(00,00,00,00,00,04,00,00,)	5:	(00,00,00,01,10,00,00,04,)	(00,01,10,00,00,04,00,00,)	(00,01,10,01,10,00,00,00,)	6:	(00,00,00,01,10,00,00,00,)	(00,01,10,00,00,00,00,00,)	(00,00,00,00,00,04,00,04,)	(00,00,00,01,10,04,00,00,)	(00,01,10,00,00,00,00,04,)	(00,01,10,01,10,00,00,04,)	7:	(00,00,00,01,10,04,00,04,)	(00,01,10,00,00,04,00,04,)	(00,01,10,01,10,04,00,04,)	
*/0x29*/	0:	1:	2:	3:	4:	(00,01,10,01,10,04,00,00,)	5:	(00,00,00,00,00,00,00,00,)	(00,01,10,00,00,04,00,00,)	(00,01,10,01,10,00,00,04,)	6:	(00,00,00,00,00,00,00,04,)	(00,00,00,00,00,04,00,00,)	(00,00,00,00,00,04,00,04,)	(00,00,00,01,10,00,00,04,)	(00,01,10,00,00,00,00,04,)	(00,01,10,01,10,00,00,00,)	(00,00,00,01,10,04,00,04,)	(00,01,10,01,10,04,00,04,)	7:	(00,00,00,01,10,00,00,00,)	(00,01,10,00,00,00,00,00,)	(00,01,10,00,00,04,00,04,)	
*/0x2a*/	0:	1:	2:	(00,00,00,00,00,04,00,04,)	3:	(00,00,00,01,10,04,00,04,)	4:	(00,01,10,01,10,00,00,04,)	(00,01,10,01,10,04,00,04,)	5:	(00,01,10,01,10,00,00,00,)	(00,01,10,00,00,04,00,04,)	6:	(00,01,10,00,00,04,00,00,)	7:	(00,00,00,00,00,04,00,00,)	(00,01,10,00,00,00,00,00,)	(00,00,00,01,10,00,00,04,)	(00,00,00,01,10,04,00,00,)	(00,01,10,00,00,00,00,04,)	
*/0x2b*/	0:	1:	2:	3:	(00,01,10,01,10,04,00,00,)	4:	(00,00,00,00,00,00,00,00,)	5:	(00,00,00,00,00,04,00,00,)	(00,00,00,01,10,04,00,00,)	(00,01,10,00,00,04,00,00,)	(00,00,00,01,10,04,00,04,)	6:	(00,00,00,00,00,00,00,04,)	(00,00,00,01,10,00,00,00,)	(00,01,10,00,00,00,00,00,)	(00,01,10,01,10,00,00,00,)	7:	(00,00,00,01,10,00,00,04,)	(00,01,10,01,10,00,00,04,)	(00,01,10,01,10,04,00,04,)	
*/0x2c*/	0:	1:	(00,00,00,01,10,04,00,00,)	2:	3:	4:	(00,00,00,00,00,00,00,04,)	(00,01,10,00,00,04,00,04,)	5:	(00,00,00,01,10,00,00,04,)	(00,01,10,01,10,00,00,00,)	(00,01,10,01,10,04,00,04,)	6:	(00,00,00,00,00,04,00,04,)	(00,01,10,00,00,00,00,04,)	(00,01,10,00,00,04,00,00,)	(00,00,00,01,10,04,00,04,)	7:	
*/0x2d*/	0:	1:	2:	3:	(00,01,10,00,00,04,00,00,)	4:	(00,01,10,00,00,00,00,00,)	5:	(00,00,00,00,00,04,00,00,)	6:	(00,00,00,00,00,00,00,00,)	(00,00,00,01,10,00,00,00,)	(00,00,00,01,10,00,00,04,)	(00,00,00,01,10,04,00,00,)	(00,01,10,00,00,00,00,04,)	(00,01,10,00,00,04,00,04,)	(00,01,10,01,10,00,00,04,)	7:	(00,00,00,00,00,00,00,04,)	(00,00,00,00,00,04,00,04,)	(00,01,10,01,10,00,00,00,)	(00,00,00,01,10,04,00,04,)	(00,01,10,01,10,04,00,00,)	(00,01,10,01,10,04,00,04,)	
*/0x2e*/	0:	1:	2:	3:	4:	(00,00,00,00,00,00,00,00,)	(00,01,10,00,00,00,00,00,)	5:	(00,01,10,00,00,00,00,04,)	6:	(00,00,00,00,00,04,00,00,)	(00,00,00,01,10,00,00,00,)	(00,00,00,01,10,00,00,04,)	(00,00,00,01,10,04,00,00,)	(00,01,10,00,00,04,00,00,)	(00,01,10,01,10,00,00,00,)	(00,01,10,00,00,04,00,04,)	(00,01,10,01,10,00,00,04,)	(00,01,10,01,10,04,00,00,)	7:	(00,00,00,00,00,00,00,04,)	(00,00,00,01,10,04,00,04,)	(00,01,10,01,10,04,00,04,)	
*/0x2f*/	0:	1:	2:	(00,01,10,01,10,00,00,04,)	3:	4:	(00,00,00,00,00,00,00,04,)	(00,00,00,01,10,00,00,00,)	(00,00,00,01,10,04,00,04,)	5:	(00,00,00,00,00,00,00,00,)	6:	(00,00,00,01,10,00,00,04,)	(00,01,10,01,10,00,00,00,)	(00,01,10,00,00,04,00,04,)	(00,01,10,01,10,04,00,04,)	7:	(00,01,10,00,00,00,00,00,)	(00,00,00,01,10,04,00,00,)	(00,01,10,01,10,04,00,00,)	
*/0x30*/	0:	1:	2:	3:	(00,00,00,00,00,00,00,04,)	4:	(00,00,00,00,00,04,00,04,)	(00,01,10,01,10,04,00,00,)	5:	(00,00,00,00,00,04,00,00,)	(00,00,00,01,10,00,00,00,)	(00,01,10,00,00,00,00,04,)	6:	(00,01,10,00,00,00,00,00,)	(00,01,10,00,00,04,00,00,)	(00,01,10,01,10,00,00,00,)	(00,01,10,01,10,00,00,04,)	7:	(00,00,00,01,10,00,00,04,)	(00,01,10,00,00,04,00,04,)	
*/0x31*/	0:	1:	2:	3:	4:	(00,01,10,00,00,04,00,04,)	5:	(00,01,10,00,00,00,00,00,)	(00,00,00,01,10,00,00,04,)	(00,01,10,01,10,00,00,00,)	6:	(00,00,00,00,00,00,00,04,)	(00,00,00,01,10,00,00,00,)	(00,00,00,01,10,04,00,00,)	(00,01,10,00,00,00,00,04,)	(00,01,10,00,00,04,00,00,)	(00,00,00,01,10,04,00,04,)	(00,01,10,01,10,04,00,00,)	(00,01,10,01,10,04,00,04,)	7:	(00,00,00,00,00,00,00,00,)	(00,00,00,00,00,04,00,00,)	(00,00,00,00,00,04,00,04,)	
*/0x32*/	0:	1:	2:	3:	4:	(00,00,00,01,10,04,00,00,)	(00,00,00,01,10,04,00,04,)	(00,01,10,01,10,04,00,00,)	5:	(00,00,00,00,00,04,00,04,)	(00,01,10,01,10,00,00,04,)	6:	(00,00,00,00,00,00,00,00,)	(00,00,00,01,10,00,00,04,)	(00,01,10,00,00,04,00,00,)	(00,01,10,01,10,00,00,00,)	(00,01,10,01,10,04,00,04,)	7:	(00,00,00,00,00,00,00,04,)	(00,00,00,00,00,04,00,00,)	(00,00,00,01,10,00,00,00,)	(00,01,10,00,00,00,00,04,)	
*/0x33*/	0:	1:	2:	3:	4:	(00,00,00,01,10,00,00,04,)	5:	(00,01,10,01,10,00,00,00,)	(00,00,00,01,10,04,00,04,)	(00,01,10,01,10,04,00,00,)	6:	(00,00,00,00,00,04,00,00,)	(00,01,10,00,00,00,00,00,)	(00,00,00,00,00,04,00,04,)	(00,00,00,01,10,04,00,00,)	(00,01,10,00,00,00,00,04,)	(00,01,10,00,00,04,00,00,)	(00,01,10,00,00,04,00,04,)	(00,01,10,01,10,04,00,04,)	7:	(00,00,00,00,00,00,00,00,)	(00,00,00,00,00,00,00,04,)	(00,00,00,01,10,00,00,00,)	
*/0x34*/	0:	(00,00,00,01,10,00,00,00,)	1:	(00,00,00,00,00,04,00,00,)	2:	3:	4:	(00,01,10,01,10,00,00,04,)	(00,01,10,01,10,04,00,00,)	(00,01,10,01,10,04,00,04,)	5:	6:	(00,01,10,00,00,00,00,04,)	7:	(00,00,00,00,00,00,00,04,)	(00,01,10,00,00,00,00,00,)	(00,01,10,00,00,04,00,04,)	
*/0x35*/	0:	1:	2:	3:	(00,00,00,00,00,04,00,00,)	4:	(00,00,00,00,00,00,00,00,)	(00,00,00,00,00,00,00,04,)	5:	(00,01,10,00,00,00,00,04,)	(00,00,00,01,10,04,00,04,)	(00,01,10,01,10,04,00,04,)	6:	(00,00,00,00,00,04,00,04,)	(00,00,00,01,10,00,00,04,)	(00,01,10,01,10,00,00,04,)	7:	(00,00,00,01,10,00,00,00,)	(00,00,00,01,10,04,00,00,)	(00,01,10,00,00,04,00,00,)	(00,01,10,00,00,04,00,04,)	
*/0x36*/	0:	1:	2:	(00,00,00,00,00,00,00,00,)	3:	4:	(00,01,10,00,00,00,00,00,)	(00,01,10,00,00,00,00,04,)	(00,01,10,00,00,04,00,04,)	5:	(00,01,10,00,00,04,00,00,)	(00,01,10,01,10,00,00,00,)	6:	(00,00,00,01,10,04,00,00,)	(00,01,10,01,10,04,00,00,)	7:	(00,00,00,00,00,04,00,04,)	(00,00,00,01,10,04,00,04,)	(00,01,10,01,10,00,00,04,)	(00,01,10,01,10,04,00,04,)	
*/0x37*/	0:	1:	2:	(00,00,00,01,10,00,00,04,)	3:	(00,01,10,00,00,00,00,04,)	(00,01,10,01,10,04,00,04,)	4:	(00,01,10,01,10,00,00,04,)	5:	(00,00,00,01,10,00,00,00,)	(00,00,00,01,10,04,00,00,)	6:	(00,00,00,00,00,00,00,00,)	(00,00,00,00,00,04,00,00,)	7:	(00,01,10,00,00,00,00,00,)	(00,01,10,01,10,00,00,00,)	
*/0x38*/	0:	(00,01,10,01,10,04,00,00,)	1:	(00,00,00,00,00,04,00,00,)	(00,00,00,01,10,00,00,00,)	2:	3:	4:	5:	6:	(00,01,10,00,00,00,00,00,)	(00,01,10,01,10,00,00,04,)	(00,01,10,01,10,04,00,04,)	7:	(00,00,00,00,00,00,00,04,)	(00,00,00,01,10,00,00,04,)	(00,01,10,00,00,00,00,04,)	(00,01,10,00,00,04,00,04,)	
*/0x39*/	0:	1:	(00,01,10,01,10,00,00,04,)	2:	3:	(00,01,10,00,00,04,00,04,)	4:	(00,00,00,00,00,04,00,04,)	(00,01,10,00,00,00,00,04,)	(00,01,10,01,10,04,00,04,)	5:	6:	(00,00,00,00,00,00,00,00,)	(00,00,00,01,10,00,00,00,)	7:	(00,00,00,00,00,04,00,00,)	(00,00,00,01,10,04,00,00,)	(00,01,10,01,10,00,00,00,)	(00,01,10,01,10,04,00,00,)	
*/0x3a*/	0:	1:	2:	(00,00,00,00,00,00,00,00,)	3:	4:	(00,00,00,01,10,00,00,04,)	5:	(00,00,00,00,00,00,00,04,)	(00,00,00,00,00,04,00,00,)	(00,00,00,01,10,00,00,00,)	(00,01,10,00,00,00,00,04,)	(00,01,10,01,10,00,00,04,)	6:	(00,00,00,01,10,04,00,04,)	(00,01,10,00,00,04,00,04,)	(00,01,10,01,10,04,00,04,)	7:	(00,00,00,00,00,04,00,04,)	
*/0x3b*/	0:	1:	2:	3:	4:	(00,00,00,00,00,00,00,00,)	(00,00,00,00,00,04,00,04,)	5:	(00,00,00,01,10,00,00,00,)	(00,01,10,00,00,00,00,00,)	(00,01,10,00,00,00,00,04,)	(00,01,10,01,10,00,00,00,)	(00,01,10,01,10,04,00,04,)	6:	(00,00,00,00,00,04,00,00,)	(00,00,00,01,10,00,00,04,)	(00,01,10,00,00,04,00,00,)	(00,01,10,01,10,04,00,00,)	7:	(00,00,00,01,10,04,00,00,)	
*/0x3c*/	0:	1:	2:	3:	(00,00,00,00,00,00,00,04,)	4:	(00,00,00,00,00,04,00,04,)	(00,01,10,01,10,00,00,04,)	5:	(00,00,00,00,00,04,00,00,)	(00,01,10,00,00,00,00,00,)	6:	(00,00,00,01,10,00,00,00,)	(00,00,00,01,10,00,00,04,)	(00,01,10,00,00,00,00,04,)	(00,01,10,00,00,04,00,00,)	(00,01,10,01,10,00,00,00,)	(00,01,10,01,10,04,00,04,)	7:	(00,01,10,00,00,04,00,04,)	
*/0x3d*/	0:	1:	2:	3:	4:	(00,00,00,01,10,04,00,00,)	5:	(00,00,00,01,10,00,00,00,)	(00,01,10,00,00,00,00,00,)	(00,00,00,01,10,00,00,04,)	(00,01,10,00,00,04,00,00,)	(00,00,00,01,10,04,00,04,)	(00,01,10,01,10,04,00,00,)	6:	(00,00,00,00,00,00,00,04,)	(00,01,10,01,10,00,00,00,)	7:	(00,00,00,00,00,00,00,00,)	(00,00,00,00,00,04,00,00,)	(00,00,00,00,00,04,00,04,)	(00,01,10,00,00,00,00,04,)	(00,01,10,01,10,00,00,04,)	(00,01,10,01,10,04,00,04,)	
*/0x3e*/	0:	1:	2:	3:	(00,00,00,01,10,04,00,04,)	4:	(00,01,10,00,00,00,00,00,)	5:	(00,00,00,00,00,04,00,04,)	(00,01,10,00,00,04,00,00,)	(00,01,10,01,10,00,00,00,)	(00,01,10,01,10,04,00,04,)	6:	(00,00,00,00,00,00,00,00,)	(00,00,00,01,10,00,00,04,)	(00,00,00,01,10,04,00,00,)	(00,01,10,00,00,04,00,04,)	(00,01,10,01,10,04,00,00,)	7:	(00,01,10,01,10,00,00,04,)	
*/0x3f*/	0:	1:	2:	(00,00,00,00,00,04,00,04,)	3:	4:	(00,01,10,00,00,04,00,00,)	5:	(00,00,00,00,00,00,00,04,)	(00,01,10,01,10,04,00,00,)	6:	(00,00,00,00,00,04,00,00,)	(00,01,10,00,00,00,00,00,)	(00,00,00,01,10,04,00,00,)	(00,01,10,00,00,00,00,04,)	(00,01,10,00,00,04,00,04,)	(00,01,10,01,10,04,00,04,)	7:	(00,00,00,00,00,00,00,00,)	(00,00,00,01,10,00,00,00,)	(00,01,10,01,10,00,00,00,)	(00,00,00,01,10,04,00,04,)	
