00 00 00 00 00 00 00 00 	0.000000
00 04 00 00 00 00 00 00 	08 00 00 00 08 00 00 00 	3.000000
08 00 00 00 08 00 00 00 	7.830075	2: 0 4 
---------------
00 00 00 00 00 00 00 00 	0.000000
00 00 04 00 00 00 00 00 	00 08 00 00 00 00 00 08 	3.000000
00 08 00 00 00 00 00 08 	7.830075	2: 1 7 
---------------
00 00 00 00 00 00 00 00 	0.000000
00 08 00 00 00 00 00 00 	08 00 00 00 08 00 00 00 	3.000000
08 00 00 00 08 00 00 00 	7.830075	2: 0 4 
---------------
00 00 00 00 00 00 00 00 	0.000000
00 00 08 00 00 00 00 00 	00 08 00 00 00 00 00 08 	3.000000
00 08 00 00 00 00 00 08 	7.830075	2: 1 7 
---------------
00 00 00 00 00 00 00 00 	0.000000
00 00 00 0c 00 00 00 00 	00 00 08 00 00 00 08 00 	2.192645
00 00 08 00 00 00 08 00 	7.022720	2: 2 6 
---------------
00 00 00 00 00 00 00 00 	0.000000
24 00 00 00 00 00 00 0e 	00 00 00 04 00 00 00 00 	5.192645
00 00 00 04 00 00 00 00 	7.870717	1: 3 
---------------
00 00 00 00 00 00 00 00 	0.000000
00 0e 24 00 00 00 00 00 	08 00 00 00 00 00 00 00 	5.192645
08 00 00 00 00 00 00 00 	7.607682	1: 0 
---------------
00 00 00 00 00 00 00 00 	0.000000
00 00 0e 24 00 00 00 00 	00 00 00 00 00 00 00 08 	5.192645
00 00 00 00 00 00 00 08 	7.607682	1: 7 
---------------
00 00 00 00 00 00 00 00 	0.000000
00 00 00 0e 24 00 00 00 	00 00 08 00 00 00 00 00 	5.192645
00 00 08 00 00 00 00 00 	7.607682	1: 2 
---------------
00 00 00 00 00 00 00 00 	0.000000
00 00 00 00 00 0e 24 00 	00 00 04 00 00 00 00 00 	5.192645
00 00 04 00 00 00 00 00 	7.870717	1: 2 
---------------
00 00 00 00 00 00 00 00 	0.000000
00 00 00 00 00 00 0e 24 	00 00 00 00 00 08 00 00 	5.192645
00 00 00 00 00 08 00 00 	7.607682	1: 5 
---------------
00 00 00 00 00 00 00 00 	0.000000
24 00 00 00 00 00 00 0e 	00 00 00 00 00 00 04 00 	5.192645
00 00 00 00 00 00 04 00 	7.870717	1: 6 
---------------
00 00 00 00 00 00 00 00 	0.000000
00 00 00 00 0e 24 00 00 	00 00 00 08 00 00 00 00 	5.192645
00 00 00 08 00 00 00 00 	7.607682	1: 3 
---------------
00 00 00 00 00 00 00 00 	0.000000
20 00 00 00 00 00 00 0e 	00 00 00 04 00 00 00 00 	4.870717
00 00 00 04 00 00 00 00 	7.548789	1: 3 
---------------
00 00 00 00 00 00 00 00 	0.000000
00 0e 20 00 00 00 00 00 	08 00 00 00 00 00 00 00 	4.870717
08 00 00 00 00 00 00 00 	7.285754	1: 0 
---------------
00 00 00 00 00 00 00 00 	0.000000
00 00 0e 20 00 00 00 00 	00 00 00 00 00 00 00 08 	4.870717
00 00 00 00 00 00 00 08 	7.285754	1: 7 
---------------
00 00 00 00 00 00 00 00 	0.000000
00 00 00 0e 20 00 00 00 	00 00 08 00 00 00 00 00 	4.870717
00 00 08 00 00 00 00 00 	7.285754	1: 2 
---------------
00 00 00 00 00 00 00 00 	0.000000
00 00 00 00 00 0e 20 00 	00 00 04 00 00 00 00 00 	4.870717
00 00 04 00 00 00 00 00 	7.548789	1: 2 
---------------
00 00 00 00 00 00 00 00 	0.000000
00 00 00 00 00 00 0e 20 	00 00 00 00 00 08 00 00 	4.870717
00 00 00 00 00 08 00 00 	7.285754	1: 5 
---------------
00 00 00 00 00 00 00 00 	0.000000
20 00 00 00 00 00 00 0e 	00 00 00 00 00 00 04 00 	4.870717
00 00 00 00 00 00 04 00 	7.548789	1: 6 
---------------
00 00 00 00 00 00 00 00 	0.000000
00 00 00 00 0e 20 00 00 	00 00 00 08 00 00 00 00 	4.870717
00 00 00 08 00 00 00 00 	7.285754	1: 3 
---------------
00 00 00 00 00 00 00 00 	0.000000
00 0a 20 00 00 00 00 00 	00 00 00 00 08 00 00 00 	5.093109
00 00 00 00 08 00 00 00 	7.508146	1: 4 
---------------
00 00 00 00 00 00 00 00 	0.000000
00 00 0a 20 00 00 00 00 	00 08 00 00 00 00 00 00 	5.093109
00 08 00 00 00 00 00 00 	7.508146	1: 1 
---------------
00 00 00 00 00 00 00 00 	0.000000
00 00 00 00 0a 20 00 00 	04 00 00 00 00 00 00 00 	5.093109
04 00 00 00 00 00 00 00 	7.771181	1: 0 
---------------
00 00 00 00 00 00 00 00 	0.000000
00 00 00 00 00 0a 20 00 	00 00 00 00 04 00 00 00 	5.093109
00 00 00 00 04 00 00 00 	7.771181	1: 4 
---------------
00 00 00 00 00 00 00 00 	0.000000
00 00 00 00 00 00 0a 20 	00 04 00 00 00 00 00 00 	5.093109
00 04 00 00 00 00 00 00 	7.771181	1: 1 
---------------
00 00 00 00 00 00 00 00 	0.000000
00 0a 24 00 00 00 00 00 	00 00 00 00 08 00 00 00 	5.415037
00 00 00 00 08 00 00 00 	7.830074	1: 4 
---------------
00 00 00 00 00 00 00 00 	0.000000
00 00 0a 24 00 00 00 00 	00 08 00 00 00 00 00 00 	5.415037
00 08 00 00 00 00 00 00 	7.830074	1: 1 
---------------
00 00 00 00 00 00 00 00 	0.000000
00 00 00 00 0d 10 00 00 	00 00 00 08 00 00 00 00 	5.415037
00 00 00 08 00 00 00 00 	7.830074	1: 3 
---------------
00 00 00 00 00 00 00 00 	0.000000
00 00 00 00 0d 18 00 00 	00 00 00 08 00 00 00 00 	5.415037
00 00 00 08 00 00 00 00 	7.830074	1: 3 
---------------
00 00 00 00 00 00 00 00 	0.000000
3c 00 00 00 00 00 00 03 	00 00 00 00 00 00 00 00 	6.678072
00 00 00 00 00 00 00 00 	6.678072	0: 
---------------
00 00 00 00 00 00 00 00 	0.000000
00 03 3c 00 00 00 00 00 	00 00 00 00 00 00 00 00 	6.678072
00 00 00 00 00 00 00 00 	6.678072	0: 
---------------
00 00 00 00 00 00 00 00 	0.000000
00 00 03 3c 00 00 00 00 	00 00 00 00 00 00 00 00 	6.678072
00 00 00 00 00 00 00 00 	6.678072	0: 
---------------
00 00 00 00 00 00 00 00 	0.000000
00 00 00 03 3c 00 00 00 	00 00 00 00 00 00 00 00 	6.678072
00 00 00 00 00 00 00 00 	6.678072	0: 
---------------
00 00 00 00 00 00 00 00 	0.000000
00 00 00 00 03 3c 00 00 	00 00 00 00 00 00 00 00 	6.678072
00 00 00 00 00 00 00 00 	6.678072	0: 
---------------
00 00 00 00 00 00 00 00 	0.000000
00 00 00 00 00 03 3c 00 	00 00 00 00 00 00 00 00 	6.678072
00 00 00 00 00 00 00 00 	6.678072	0: 
---------------
00 00 00 00 00 00 00 00 	0.000000
00 00 00 00 00 00 03 3c 	00 00 00 00 00 00 00 00 	6.678072
00 00 00 00 00 00 00 00 	6.678072	0: 
---------------
00 00 00 00 00 00 00 00 	0.000000
00 03 3c 00 00 00 00 00 	00 08 00 00 00 00 00 00 	5.356144
00 08 00 00 00 00 00 00 	7.771181	1: 1 
---------------
00 00 00 00 00 00 00 00 	0.000000
00 03 30 00 00 00 00 00 	00 08 00 00 00 00 00 00 	5.356144
00 08 00 00 00 00 00 00 	7.771181	1: 1 
---------------
00 00 00 00 00 00 00 00 	0.000000
00 00 03 38 00 00 00 00 	00 00 00 00 00 00 08 00 	4.870717
00 00 00 00 00 00 08 00 	7.285754	1: 6 
---------------
00 00 00 00 00 00 00 00 	0.000000
00 00 00 03 34 00 00 00 	00 00 00 08 00 00 00 00 	4.870717
00 00 00 08 00 00 00 00 	7.285754	1: 3 
---------------
00 00 00 00 00 00 00 00 	0.000000
00 00 00 00 00 00 03 34 	00 00 00 00 00 00 04 00 	4.870717
00 00 00 00 00 00 04 00 	7.548789	1: 6 
---------------
00 00 00 00 00 00 00 00 	0.000000
00 00 00 03 34 00 00 00 	00 00 00 08 00 00 00 00 	4.678072
00 00 00 08 00 00 00 00 	7.093109	1: 3 
---------------
00 00 00 00 00 00 00 00 	0.000000
00 00 00 00 00 00 03 34 	00 00 00 00 00 00 04 00 	4.678072
00 00 00 00 00 00 04 00 	7.356144	1: 6 
---------------
00 00 00 00 00 00 00 00 	0.000000
00 00 00 03 34 00 00 00 	00 00 00 08 00 00 00 00 	5.000000
00 00 00 08 00 00 00 00 	7.415037	1: 3 
---------------
00 00 00 00 00 00 00 00 	0.000000
00 00 00 00 00 00 03 34 	00 00 00 00 00 00 04 00 	5.000000
00 00 00 00 00 00 04 00 	7.678072	1: 6 
---------------
00 00 00 00 00 00 00 00 	0.000000
00 00 00 03 34 00 00 00 	00 00 00 08 00 00 00 00 	5.192645
00 00 00 08 00 00 00 00 	7.607682	1: 3 
---------------
00 00 00 00 00 00 00 00 	0.000000
00 00 00 00 00 00 03 34 	00 00 00 00 00 00 04 00 	5.192645
00 00 00 00 00 00 04 00 	7.870717	1: 6 
---------------
00 00 00 00 00 00 00 00 	0.000000
00 00 03 38 00 00 00 00 	00 00 00 00 00 00 08 00 	5.192645
00 00 00 00 00 00 08 00 	7.607682	1: 6 
---------------
00 00 00 00 00 00 00 00 	0.000000
3c 00 00 00 00 00 00 03 	00 00 00 00 00 00 00 00 	7.000000
00 00 00 00 00 00 00 00 	7.000000	0: 
---------------
00 00 00 00 00 00 00 00 	0.000000
00 03 3c 00 00 00 00 00 	00 00 00 00 00 00 00 00 	7.000000
00 00 00 00 00 00 00 00 	7.000000	0: 
---------------
00 00 00 00 00 00 00 00 	0.000000
00 00 03 3c 00 00 00 00 	00 00 00 00 00 00 00 00 	7.000000
00 00 00 00 00 00 00 00 	7.000000	0: 
---------------
00 00 00 00 00 00 00 00 	0.000000
00 00 00 03 3c 00 00 00 	00 00 00 00 00 00 00 00 	7.000000
00 00 00 00 00 00 00 00 	7.000000	0: 
---------------
00 00 00 00 00 00 00 00 	0.000000
00 00 00 00 03 3c 00 00 	00 00 00 00 00 00 00 00 	7.000000
00 00 00 00 00 00 00 00 	7.000000	0: 
---------------
00 00 00 00 00 00 00 00 	0.000000
00 00 00 00 00 03 3c 00 	00 00 00 00 00 00 00 00 	7.000000
00 00 00 00 00 00 00 00 	7.000000	0: 
---------------
00 00 00 00 00 00 00 00 	0.000000
00 00 00 00 00 00 03 3c 	00 00 00 00 00 00 00 00 	7.000000
00 00 00 00 00 00 00 00 	7.000000	0: 
---------------
00 00 00 00 00 00 00 00 	0.000000
3c 00 00 00 00 00 00 03 	00 00 00 00 00 00 00 00 	7.415037
00 00 00 00 00 00 00 00 	7.415037	0: 
---------------
00 00 00 00 00 00 00 00 	0.000000
00 03 3c 00 00 00 00 00 	00 00 00 00 00 00 00 00 	7.415037
00 00 00 00 00 00 00 00 	7.415037	0: 
---------------
00 00 00 00 00 00 00 00 	0.000000
00 00 03 3c 00 00 00 00 	00 00 00 00 00 00 00 00 	7.415037
00 00 00 00 00 00 00 00 	7.415037	0: 
---------------
00 00 00 00 00 00 00 00 	0.000000
00 00 00 03 3c 00 00 00 	00 00 00 00 00 00 00 00 	7.415037
00 00 00 00 00 00 00 00 	7.415037	0: 
---------------
00 00 00 00 00 00 00 00 	0.000000
00 00 00 00 03 3c 00 00 	00 00 00 00 00 00 00 00 	7.415037
00 00 00 00 00 00 00 00 	7.415037	0: 
---------------
00 00 00 00 00 00 00 00 	0.000000
00 00 00 00 00 03 3c 00 	00 00 00 00 00 00 00 00 	7.415037
00 00 00 00 00 00 00 00 	7.415037	0: 
---------------
00 00 00 00 00 00 00 00 	0.000000
00 00 00 00 00 00 03 3c 	00 00 00 00 00 00 00 00 	7.415037
00 00 00 00 00 00 00 00 	7.415037	0: 
---------------
00 00 00 00 00 00 00 00 	0.000000
00 00 00 03 34 00 00 00 	00 00 00 08 00 00 00 00 	5.415037
00 00 00 08 00 00 00 00 	7.830074	1: 3 
---------------
00 00 00 00 00 00 00 00 	0.000000
20 00 00 00 00 00 00 0e 	00 00 00 00 00 00 00 00 	6.678072
00 00 00 00 00 00 00 00 	6.678072	0: 
---------------
00 00 00 00 00 00 00 00 	0.000000
00 0e 20 00 00 00 00 00 	00 00 00 00 00 00 00 00 	6.678072
00 00 00 00 00 00 00 00 	6.678072	0: 
---------------
00 00 00 00 00 00 00 00 	0.000000
00 00 0e 20 00 00 00 00 	00 00 00 00 00 00 00 00 	6.678072
00 00 00 00 00 00 00 00 	6.678072	0: 
---------------
00 00 00 00 00 00 00 00 	0.000000
00 00 00 0e 20 00 00 00 	00 00 00 00 00 00 00 00 	6.678072
00 00 00 00 00 00 00 00 	6.678072	0: 
---------------
00 00 00 00 00 00 00 00 	0.000000
00 00 00 00 0e 20 00 00 	00 00 00 00 00 00 00 00 	6.678072
00 00 00 00 00 00 00 00 	6.678072	0: 
---------------
00 00 00 00 00 00 00 00 	0.000000
00 00 00 00 00 0e 20 00 	00 00 00 00 00 00 00 00 	6.678072
00 00 00 00 00 00 00 00 	6.678072	0: 
---------------
00 00 00 00 00 00 00 00 	0.000000
00 00 00 00 00 00 0e 20 	00 00 00 00 00 00 00 00 	6.678072
00 00 00 00 00 00 00 00 	6.678072	0: 
---------------
00 00 00 00 00 00 00 00 	0.000000
18 00 00 00 00 00 00 0d 	00 00 00 00 00 00 00 00 	7.000000
00 00 00 00 00 00 00 00 	7.000000	0: 
---------------
00 00 00 00 00 00 00 00 	0.000000
00 0d 18 00 00 00 00 00 	00 00 00 00 00 00 00 00 	7.000000
00 00 00 00 00 00 00 00 	7.000000	0: 
---------------
00 00 00 00 00 00 00 00 	0.000000
00 00 0d 18 00 00 00 00 	00 00 00 00 00 00 00 00 	7.000000
00 00 00 00 00 00 00 00 	7.000000	0: 
---------------
00 00 00 00 00 00 00 00 	0.000000
00 00 00 0d 18 00 00 00 	00 00 00 00 00 00 00 00 	7.000000
00 00 00 00 00 00 00 00 	7.000000	0: 
---------------
00 00 00 00 00 00 00 00 	0.000000
00 00 00 00 0d 18 00 00 	00 00 00 00 00 00 00 00 	7.000000
00 00 00 00 00 00 00 00 	7.000000	0: 
---------------
00 00 00 00 00 00 00 00 	0.000000
00 00 00 00 00 0d 18 00 	00 00 00 00 00 00 00 00 	7.000000
00 00 00 00 00 00 00 00 	7.000000	0: 
---------------
00 00 00 00 00 00 00 00 	0.000000
00 00 00 00 00 00 0d 18 	00 00 00 00 00 00 00 00 	7.000000
00 00 00 00 00 00 00 00 	7.000000	0: 
---------------
00 00 00 00 00 00 00 00 	0.000000
10 00 00 00 00 00 00 0d 	00 00 00 00 00 00 00 00 	7.000000
00 00 00 00 00 00 00 00 	7.000000	0: 
---------------
00 00 00 00 00 00 00 00 	0.000000
00 0d 10 00 00 00 00 00 	00 00 00 00 00 00 00 00 	7.000000
00 00 00 00 00 00 00 00 	7.000000	0: 
---------------
00 00 00 00 00 00 00 00 	0.000000
00 00 0d 10 00 00 00 00 	00 00 00 00 00 00 00 00 	7.000000
00 00 00 00 00 00 00 00 	7.000000	0: 
---------------
00 00 00 00 00 00 00 00 	0.000000
00 00 00 0d 10 00 00 00 	00 00 00 00 00 00 00 00 	7.000000
00 00 00 00 00 00 00 00 	7.000000	0: 
---------------
00 00 00 00 00 00 00 00 	0.000000
00 00 00 00 0d 10 00 00 	00 00 00 00 00 00 00 00 	7.000000
00 00 00 00 00 00 00 00 	7.000000	0: 
---------------
00 00 00 00 00 00 00 00 	0.000000
00 00 00 00 00 0d 10 00 	00 00 00 00 00 00 00 00 	7.000000
00 00 00 00 00 00 00 00 	7.000000	0: 
---------------
00 00 00 00 00 00 00 00 	0.000000
00 00 00 00 00 00 0d 10 	00 00 00 00 00 00 00 00 	7.000000
00 00 00 00 00 00 00 00 	7.000000	0: 
---------------
00 00 00 00 00 00 00 00 	0.000000
24 00 00 00 00 00 00 0e 	00 00 00 00 00 00 00 00 	7.000000
00 00 00 00 00 00 00 00 	7.000000	0: 
---------------
00 00 00 00 00 00 00 00 	0.000000
00 0e 24 00 00 00 00 00 	00 00 00 00 00 00 00 00 	7.000000
00 00 00 00 00 00 00 00 	7.000000	0: 
---------------
00 00 00 00 00 00 00 00 	0.000000
00 00 0e 24 00 00 00 00 	00 00 00 00 00 00 00 00 	7.000000
00 00 00 00 00 00 00 00 	7.000000	0: 
---------------
00 00 00 00 00 00 00 00 	0.000000
00 00 00 0e 24 00 00 00 	00 00 00 00 00 00 00 00 	7.000000
00 00 00 00 00 00 00 00 	7.000000	0: 
---------------
00 00 00 00 00 00 00 00 	0.000000
00 00 00 00 0e 24 00 00 	00 00 00 00 00 00 00 00 	7.000000
00 00 00 00 00 00 00 00 	7.000000	0: 
---------------
00 00 00 00 00 00 00 00 	0.000000
00 00 00 00 00 0e 24 00 	00 00 00 00 00 00 00 00 	7.000000
00 00 00 00 00 00 00 00 	7.000000	0: 
---------------
00 00 00 00 00 00 00 00 	0.000000
00 00 00 00 00 00 0e 24 	00 00 00 00 00 00 00 00 	7.000000
00 00 00 00 00 00 00 00 	7.000000	0: 
---------------
00 00 00 00 00 00 00 00 	0.000000
3c 00 00 00 00 00 00 03 	00 00 00 00 00 00 00 00 	8.000000
00 00 00 00 00 00 00 00 	8.000000	0: 
---------------
00 00 00 00 00 00 00 00 	0.000000
00 03 3c 00 00 00 00 00 	00 00 00 00 00 00 00 00 	8.000000
00 00 00 00 00 00 00 00 	8.000000	0: 
---------------
00 00 00 00 00 00 00 00 	0.000000
00 00 03 3c 00 00 00 00 	00 00 00 00 00 00 00 00 	8.000000
00 00 00 00 00 00 00 00 	8.000000	0: 
---------------
00 00 00 00 00 00 00 00 	0.000000
00 00 00 03 3c 00 00 00 	00 00 00 00 00 00 00 00 	8.000000
00 00 00 00 00 00 00 00 	8.000000	0: 
---------------
00 00 00 00 00 00 00 00 	0.000000
00 00 00 00 03 3c 00 00 	00 00 00 00 00 00 00 00 	8.000000
00 00 00 00 00 00 00 00 	8.000000	0: 
---------------
00 00 00 00 00 00 00 00 	0.000000
00 00 00 00 00 03 3c 00 	00 00 00 00 00 00 00 00 	8.000000
00 00 00 00 00 00 00 00 	8.000000	0: 
---------------
00 00 00 00 00 00 00 00 	0.000000
00 00 00 00 00 00 03 3c 	00 00 00 00 00 00 00 00 	8.000000
00 00 00 00 00 00 00 00 	8.000000	0: 
---------------
00 00 00 00 00 00 00 00 	0.000000
08 00 00 00 00 00 08 00 	00 00 00 00 00 0c 00 00 	6.000000
00 00 00 00 00 0c 00 00 	8.000000	1: 5 
---------------
00 00 00 00 00 00 00 00 	0.000000
00 00 00 08 00 08 00 00 	00 00 0c 00 00 00 00 00 	6.000000
00 00 0c 00 00 00 00 00 	8.000000	1: 2 
---------------
00 00 00 00 00 00 00 00 	0.000000
00 00 00 08 00 08 00 00 	00 00 0c 00 00 00 00 00 	6.000000
00 00 0c 00 00 00 00 00 	8.000000	1: 2 
---------------
00 00 00 00 00 00 00 00 	0.000000
00 00 00 03 34 00 00 00 	00 00 00 08 00 00 00 00 	4.678072
00 00 00 08 00 00 00 00 	7.093109	1: 3 
---------------
00 00 00 00 00 00 00 00 	0.000000
00 00 00 00 00 00 03 34 	00 00 00 00 00 00 04 00 	4.678072
00 00 00 00 00 00 04 00 	7.356144	1: 6 
---------------
00 00 00 00 00 00 00 00 	0.000000
00 00 00 03 34 00 00 00 	00 00 00 08 00 00 00 00 	5.000000
00 00 00 08 00 00 00 00 	7.415037	1: 3 
---------------
00 00 00 00 00 00 00 00 	0.000000
00 00 00 00 00 00 03 34 	00 00 00 00 00 00 04 00 	5.000000
00 00 00 00 00 00 04 00 	7.678072	1: 6 
---------------
00 00 00 00 00 00 00 00 	0.000000
00 00 00 03 34 00 00 00 	00 00 00 08 00 00 00 00 	5.415037
00 00 00 08 00 00 00 00 	7.830074	1: 3 
---------------
00 00 00 00 00 00 00 00 	0.000000
00 00 00 03 34 00 00 00 	00 00 00 08 00 00 00 00 	5.192645
00 00 00 08 00 00 00 00 	7.607682	1: 3 
---------------
00 00 00 00 00 00 00 00 	0.000000
00 00 00 00 00 00 03 34 	00 00 00 00 00 00 04 00 	5.192645
00 00 00 00 00 00 04 00 	7.870717	1: 6 
---------------
00 00 00 00 00 00 00 00 	0.000000
00 00 03 38 00 00 00 00 	00 00 00 00 00 00 08 00 	5.192645
00 00 00 00 00 00 08 00 	7.607682	1: 6 
---------------
00 00 00 00 00 00 00 00 	0.000000
00 00 00 03 34 00 00 00 	00 00 00 08 00 00 00 00 	4.870717
00 00 00 08 00 00 00 00 	7.285754	1: 3 
---------------
00 00 00 00 00 00 00 00 	0.000000
00 00 00 00 00 00 03 34 	00 00 00 00 00 00 04 00 	4.870717
00 00 00 00 00 00 04 00 	7.548789	1: 6 
---------------
00 00 00 00 00 00 00 00 	0.000000
00 00 03 38 00 00 00 00 	00 00 00 00 00 00 08 00 	4.870717
00 00 00 00 00 00 08 00 	7.285754	1: 6 
---------------
00 00 00 00 00 00 00 00 	0.000000
0e 20 00 00 00 00 00 00 	00 00 00 00 00 00 00 00 	6.678072
00 00 00 00 00 00 00 00 	6.678072	0: 
---------------
00 00 00 00 00 00 00 00 	0.000000
00 0e 20 00 00 00 00 00 	00 00 00 00 00 00 00 00 	6.678072
00 00 00 00 00 00 00 00 	6.678072	0: 
---------------
00 00 00 00 00 00 00 00 	0.000000
00 00 0e 20 00 00 00 00 	00 00 00 00 00 00 00 00 	6.678072
00 00 00 00 00 00 00 00 	6.678072	0: 
---------------
00 00 00 00 00 00 00 00 	0.000000
00 00 00 0e 20 00 00 00 	00 00 00 00 00 00 00 00 	6.678072
00 00 00 00 00 00 00 00 	6.678072	0: 
---------------
00 00 00 00 00 00 00 00 	0.000000
00 00 00 00 0e 20 00 00 	00 00 00 00 00 00 00 00 	6.678072
00 00 00 00 00 00 00 00 	6.678072	0: 
---------------
00 00 00 00 00 00 00 00 	0.000000
00 00 00 00 00 0e 20 00 	00 00 00 00 00 00 00 00 	6.678072
00 00 00 00 00 00 00 00 	6.678072	0: 
---------------
00 00 00 00 00 00 00 00 	0.000000
00 00 00 00 00 00 0e 20 	00 00 00 00 00 00 00 00 	6.678072
00 00 00 00 00 00 00 00 	6.678072	0: 
---------------
00 00 00 00 00 00 00 00 	0.000000
03 30 00 00 00 00 00 00 	00 00 00 00 08 00 00 00 	5.356144
00 00 00 00 08 00 00 00 	7.771181	1: 4 
---------------
00 00 00 00 00 00 00 00 	0.000000
00 03 30 00 00 00 00 00 	00 08 00 00 00 00 00 00 	5.356144
00 08 00 00 00 00 00 00 	7.771181	1: 1 
---------------
00 00 00 00 00 00 00 00 	0.000000
03 3c 00 00 00 00 00 00 	00 00 00 00 08 00 00 00 	5.356144
00 00 00 00 08 00 00 00 	7.771181	1: 4 
---------------
00 00 00 00 00 00 00 00 	0.000000
00 03 3c 00 00 00 00 00 	00 08 00 00 00 00 00 00 	5.356144
00 08 00 00 00 00 00 00 	7.771181	1: 1 
---------------
00 00 00 00 00 00 00 00 	0.000000
0a 20 00 00 00 00 00 00 	00 00 00 00 00 00 00 04 	5.093109
00 00 00 00 00 00 00 04 	7.771181	1: 7 
---------------
00 00 00 00 00 00 00 00 	0.000000
00 0a 20 00 00 00 00 00 	00 00 00 00 08 00 00 00 	5.093109
00 00 00 00 08 00 00 00 	7.508146	1: 4 
---------------
00 00 00 00 00 00 00 00 	0.000000
00 00 0a 20 00 00 00 00 	00 08 00 00 00 00 00 00 	5.093109
00 08 00 00 00 00 00 00 	7.508146	1: 1 
---------------
00 00 00 00 00 00 00 00 	0.000000
00 00 00 00 0a 20 00 00 	04 00 00 00 00 00 00 00 	5.093109
04 00 00 00 00 00 00 00 	7.771181	1: 0 
---------------
00 00 00 00 00 00 00 00 	0.000000
00 00 00 00 00 0a 20 00 	00 00 00 00 04 00 00 00 	5.093109
00 00 00 00 04 00 00 00 	7.771181	1: 4 
---------------
00 00 00 00 00 00 00 00 	0.000000
00 00 00 00 00 00 0a 20 	00 04 00 00 00 00 00 00 	5.093109
00 04 00 00 00 00 00 00 	7.771181	1: 1 
---------------
00 00 00 00 00 00 00 00 	0.000000
00 00 00 00 0e 20 00 00 	00 00 00 08 00 00 00 00 	4.870717
00 00 00 08 00 00 00 00 	7.285754	1: 3 
---------------
00 00 00 00 00 00 00 00 	0.000000
0e 20 00 00 00 00 00 00 	00 00 00 00 00 04 00 00 	4.870717
00 00 00 00 00 04 00 00 	7.548789	1: 5 
---------------
00 00 00 00 00 00 00 00 	0.000000
00 0e 20 00 00 00 00 00 	08 00 00 00 00 00 00 00 	4.870717
08 00 00 00 00 00 00 00 	7.285754	1: 0 
---------------
00 00 00 00 00 00 00 00 	0.000000
00 00 0e 20 00 00 00 00 	00 00 00 00 00 00 00 08 	4.870717
00 00 00 00 00 00 00 08 	7.285754	1: 7 
---------------
00 00 00 00 00 00 00 00 	0.000000
00 00 00 0e 20 00 00 00 	00 00 08 00 00 00 00 00 	4.870717
00 00 08 00 00 00 00 00 	7.285754	1: 2 
---------------
00 00 00 00 00 00 00 00 	0.000000
00 00 00 00 00 0e 20 00 	00 00 04 00 00 00 00 00 	4.870717
00 00 04 00 00 00 00 00 	7.548789	1: 2 
---------------
00 00 00 00 00 00 00 00 	0.000000
00 00 00 00 00 00 0e 20 	00 00 00 00 00 08 00 00 	4.870717
00 00 00 00 00 08 00 00 	7.285754	1: 5 
---------------
00 00 00 00 00 00 00 00 	0.000000
00 00 00 00 0e 24 00 00 	00 00 00 08 00 00 00 00 	5.192645
00 00 00 08 00 00 00 00 	7.607682	1: 3 
---------------
00 00 00 00 00 00 00 00 	0.000000
0e 24 00 00 00 00 00 00 	00 00 00 00 00 04 00 00 	5.192645
00 00 00 00 00 04 00 00 	7.870717	1: 5 
---------------
00 00 00 00 00 00 00 00 	0.000000
00 0e 24 00 00 00 00 00 	08 00 00 00 00 00 00 00 	5.192645
08 00 00 00 00 00 00 00 	7.607682	1: 0 
---------------
00 00 00 00 00 00 00 00 	0.000000
00 00 0e 24 00 00 00 00 	00 00 00 00 00 00 00 08 	5.192645
00 00 00 00 00 00 00 08 	7.607682	1: 7 
---------------
00 00 00 00 00 00 00 00 	0.000000
00 00 00 0e 24 00 00 00 	00 00 08 00 00 00 00 00 	5.192645
00 00 08 00 00 00 00 00 	7.607682	1: 2 
---------------
00 00 00 00 00 00 00 00 	0.000000
00 00 00 00 00 0e 24 00 	00 00 04 00 00 00 00 00 	5.192645
00 00 04 00 00 00 00 00 	7.870717	1: 2 
---------------
00 00 00 00 00 00 00 00 	0.000000
00 00 00 00 00 00 0e 24 	00 00 00 00 00 08 00 00 	5.192645
00 00 00 00 00 08 00 00 	7.607682	1: 5 
---------------
00 00 00 00 00 00 00 00 	0.000000
00 00 00 00 0d 10 00 00 	00 00 00 08 00 00 00 00 	5.415037
00 00 00 08 00 00 00 00 	7.830074	1: 3 
---------------
00 00 00 00 00 00 00 00 	0.000000
00 00 00 00 0d 18 00 00 	00 00 00 08 00 00 00 00 	5.415037
00 00 00 08 00 00 00 00 	7.830074	1: 3 
---------------
00 00 00 00 00 00 00 00 	0.000000
00 0a 24 00 00 00 00 00 	00 00 00 00 08 00 00 00 	5.415037
00 00 00 00 08 00 00 00 	7.830074	1: 4 
---------------
00 00 00 00 00 00 00 00 	0.000000
00 00 0a 24 00 00 00 00 	00 08 00 00 00 00 00 00 	5.415037
00 08 00 00 00 00 00 00 	7.830074	1: 1 
---------------
00 00 00 00 00 00 00 00 	0.000000
0d 10 00 00 00 00 00 00 	00 00 00 00 00 00 00 00 	7.000000
00 00 00 00 00 00 00 00 	7.000000	0: 
---------------
00 00 00 00 00 00 00 00 	0.000000
00 0d 10 00 00 00 00 00 	00 00 00 00 00 00 00 00 	7.000000
00 00 00 00 00 00 00 00 	7.000000	0: 
---------------
00 00 00 00 00 00 00 00 	0.000000
00 00 0d 10 00 00 00 00 	00 00 00 00 00 00 00 00 	7.000000
00 00 00 00 00 00 00 00 	7.000000	0: 
---------------
00 00 00 00 00 00 00 00 	0.000000
00 00 00 0d 10 00 00 00 	00 00 00 00 00 00 00 00 	7.000000
00 00 00 00 00 00 00 00 	7.000000	0: 
---------------
00 00 00 00 00 00 00 00 	0.000000
00 00 00 00 0d 10 00 00 	00 00 00 00 00 00 00 00 	7.000000
00 00 00 00 00 00 00 00 	7.000000	0: 
---------------
00 00 00 00 00 00 00 00 	0.000000
00 00 00 00 00 0d 10 00 	00 00 00 00 00 00 00 00 	7.000000
00 00 00 00 00 00 00 00 	7.000000	0: 
---------------
00 00 00 00 00 00 00 00 	0.000000
00 00 00 00 00 00 0d 10 	00 00 00 00 00 00 00 00 	7.000000
00 00 00 00 00 00 00 00 	7.000000	0: 
---------------
00 00 00 00 00 00 00 00 	0.000000
0d 18 00 00 00 00 00 00 	00 00 00 00 00 00 00 00 	7.000000
00 00 00 00 00 00 00 00 	7.000000	0: 
---------------
00 00 00 00 00 00 00 00 	0.000000
00 0d 18 00 00 00 00 00 	00 00 00 00 00 00 00 00 	7.000000
00 00 00 00 00 00 00 00 	7.000000	0: 
---------------
00 00 00 00 00 00 00 00 	0.000000
00 00 0d 18 00 00 00 00 	00 00 00 00 00 00 00 00 	7.000000
00 00 00 00 00 00 00 00 	7.000000	0: 
---------------
00 00 00 00 00 00 00 00 	0.000000
00 00 00 0d 18 00 00 00 	00 00 00 00 00 00 00 00 	7.000000
00 00 00 00 00 00 00 00 	7.000000	0: 
---------------
00 00 00 00 00 00 00 00 	0.000000
00 00 00 00 0d 18 00 00 	00 00 00 00 00 00 00 00 	7.000000
00 00 00 00 00 00 00 00 	7.000000	0: 
---------------
00 00 00 00 00 00 00 00 	0.000000
00 00 00 00 00 0d 18 00 	00 00 00 00 00 00 00 00 	7.000000
00 00 00 00 00 00 00 00 	7.000000	0: 
---------------
00 00 00 00 00 00 00 00 	0.000000
00 00 00 00 00 00 0d 18 	00 00 00 00 00 00 00 00 	7.000000
00 00 00 00 00 00 00 00 	7.000000	0: 
---------------
00 00 00 00 00 00 00 00 	0.000000
0e 24 00 00 00 00 00 00 	00 00 00 00 00 00 00 00 	7.000000
00 00 00 00 00 00 00 00 	7.000000	0: 
---------------
00 00 00 00 00 00 00 00 	0.000000
00 0e 24 00 00 00 00 00 	00 00 00 00 00 00 00 00 	7.000000
00 00 00 00 00 00 00 00 	7.000000	0: 
---------------
00 00 00 00 00 00 00 00 	0.000000
00 00 0e 24 00 00 00 00 	00 00 00 00 00 00 00 00 	7.000000
00 00 00 00 00 00 00 00 	7.000000	0: 
---------------
00 00 00 00 00 00 00 00 	0.000000
00 00 00 0e 24 00 00 00 	00 00 00 00 00 00 00 00 	7.000000
00 00 00 00 00 00 00 00 	7.000000	0: 
---------------
00 00 00 00 00 00 00 00 	0.000000
00 00 00 00 0e 24 00 00 	00 00 00 00 00 00 00 00 	7.000000
00 00 00 00 00 00 00 00 	7.000000	0: 
---------------
00 00 00 00 00 00 00 00 	0.000000
00 00 00 00 00 0e 24 00 	00 00 00 00 00 00 00 00 	7.000000
00 00 00 00 00 00 00 00 	7.000000	0: 
---------------
00 00 00 00 00 00 00 00 	0.000000
00 00 00 00 00 00 0e 24 	00 00 00 00 00 00 00 00 	7.000000
00 00 00 00 00 00 00 00 	7.000000	0: 
---------------
00 00 00 00 00 00 00 00 	0.000000
03 3c 00 00 00 00 00 00 	00 00 00 00 00 00 00 00 	6.678072
00 00 00 00 00 00 00 00 	6.678072	0: 
---------------
00 00 00 00 00 00 00 00 	0.000000
00 03 3c 00 00 00 00 00 	00 00 00 00 00 00 00 00 	6.678072
00 00 00 00 00 00 00 00 	6.678072	0: 
---------------
00 00 00 00 00 00 00 00 	0.000000
00 00 03 3c 00 00 00 00 	00 00 00 00 00 00 00 00 	6.678072
00 00 00 00 00 00 00 00 	6.678072	0: 
---------------
00 00 00 00 00 00 00 00 	0.000000
00 00 00 03 3c 00 00 00 	00 00 00 00 00 00 00 00 	6.678072
00 00 00 00 00 00 00 00 	6.678072	0: 
---------------
00 00 00 00 00 00 00 00 	0.000000
00 00 00 00 03 3c 00 00 	00 00 00 00 00 00 00 00 	6.678072
00 00 00 00 00 00 00 00 	6.678072	0: 
---------------
00 00 00 00 00 00 00 00 	0.000000
00 00 00 00 00 03 3c 00 	00 00 00 00 00 00 00 00 	6.678072
00 00 00 00 00 00 00 00 	6.678072	0: 
---------------
00 00 00 00 00 00 00 00 	0.000000
00 00 00 00 00 00 03 3c 	00 00 00 00 00 00 00 00 	6.678072
00 00 00 00 00 00 00 00 	6.678072	0: 
---------------
00 00 00 00 00 00 00 00 	0.000000
03 3c 00 00 00 00 00 00 	00 00 00 00 00 00 00 00 	7.000000
00 00 00 00 00 00 00 00 	7.000000	0: 
---------------
00 00 00 00 00 00 00 00 	0.000000
00 03 3c 00 00 00 00 00 	00 00 00 00 00 00 00 00 	7.000000
00 00 00 00 00 00 00 00 	7.000000	0: 
---------------
00 00 00 00 00 00 00 00 	0.000000
00 00 03 3c 00 00 00 00 	00 00 00 00 00 00 00 00 	7.000000
00 00 00 00 00 00 00 00 	7.000000	0: 
---------------
00 00 00 00 00 00 00 00 	0.000000
00 00 00 03 3c 00 00 00 	00 00 00 00 00 00 00 00 	7.000000
00 00 00 00 00 00 00 00 	7.000000	0: 
---------------
00 00 00 00 00 00 00 00 	0.000000
00 00 00 00 03 3c 00 00 	00 00 00 00 00 00 00 00 	7.000000
00 00 00 00 00 00 00 00 	7.000000	0: 
---------------
00 00 00 00 00 00 00 00 	0.000000
00 00 00 00 00 03 3c 00 	00 00 00 00 00 00 00 00 	7.000000
00 00 00 00 00 00 00 00 	7.000000	0: 
---------------
00 00 00 00 00 00 00 00 	0.000000
00 00 00 00 00 00 03 3c 	00 00 00 00 00 00 00 00 	7.000000
00 00 00 00 00 00 00 00 	7.000000	0: 
---------------
00 00 00 00 00 00 00 00 	0.000000
03 3c 00 00 00 00 00 00 	00 00 00 00 00 00 00 00 	7.415037
00 00 00 00 00 00 00 00 	7.415037	0: 
---------------
00 00 00 00 00 00 00 00 	0.000000
00 03 3c 00 00 00 00 00 	00 00 00 00 00 00 00 00 	7.415037
00 00 00 00 00 00 00 00 	7.415037	0: 
---------------
00 00 00 00 00 00 00 00 	0.000000
00 00 03 3c 00 00 00 00 	00 00 00 00 00 00 00 00 	7.415037
00 00 00 00 00 00 00 00 	7.415037	0: 
---------------
00 00 00 00 00 00 00 00 	0.000000
00 00 00 03 3c 00 00 00 	00 00 00 00 00 00 00 00 	7.415037
00 00 00 00 00 00 00 00 	7.415037	0: 
---------------
00 00 00 00 00 00 00 00 	0.000000
00 00 00 00 03 3c 00 00 	00 00 00 00 00 00 00 00 	7.415037
00 00 00 00 00 00 00 00 	7.415037	0: 
---------------
00 00 00 00 00 00 00 00 	0.000000
00 00 00 00 00 03 3c 00 	00 00 00 00 00 00 00 00 	7.415037
00 00 00 00 00 00 00 00 	7.415037	0: 
---------------
00 00 00 00 00 00 00 00 	0.000000
00 00 00 00 00 00 03 3c 	00 00 00 00 00 00 00 00 	7.415037
00 00 00 00 00 00 00 00 	7.415037	0: 
---------------
00 00 00 00 00 00 00 00 	0.000000
03 3c 00 00 00 00 00 00 	00 00 00 00 00 00 00 00 	8.000000
00 00 00 00 00 00 00 00 	8.000000	0: 
---------------
00 00 00 00 00 00 00 00 	0.000000
00 03 3c 00 00 00 00 00 	00 00 00 00 00 00 00 00 	8.000000
00 00 00 00 00 00 00 00 	8.000000	0: 
---------------
00 00 00 00 00 00 00 00 	0.000000
00 00 03 3c 00 00 00 00 	00 00 00 00 00 00 00 00 	8.000000
00 00 00 00 00 00 00 00 	8.000000	0: 
---------------
00 00 00 00 00 00 00 00 	0.000000
00 00 00 03 3c 00 00 00 	00 00 00 00 00 00 00 00 	8.000000
00 00 00 00 00 00 00 00 	8.000000	0: 
---------------
00 00 00 00 00 00 00 00 	0.000000
00 00 00 00 03 3c 00 00 	00 00 00 00 00 00 00 00 	8.000000
00 00 00 00 00 00 00 00 	8.000000	0: 
---------------
00 00 00 00 00 00 00 00 	0.000000
00 00 00 00 00 03 3c 00 	00 00 00 00 00 00 00 00 	8.000000
00 00 00 00 00 00 00 00 	8.000000	0: 
---------------
00 00 00 00 00 00 00 00 	0.000000
00 00 00 00 00 00 03 3c 	00 00 00 00 00 00 00 00 	8.000000
00 00 00 00 00 00 00 00 	8.000000	0: 
---------------
00 00 00 00 00 00 00 00 	0.000000
20 00 00 00 00 00 03 36 	00 00 00 00 00 00 00 00 	7.771181
00 00 00 00 00 00 00 00 	7.771181	0: 
---------------
00 00 00 00 00 00 00 00 	0.000000
00 03 36 20 00 00 00 00 	00 00 00 00 00 00 00 00 	7.771181
00 00 00 00 00 00 00 00 	7.771181	0: 
---------------
00 00 00 00 00 00 00 00 	0.000000
00 00 03 36 20 00 00 00 	00 00 00 00 00 00 00 00 	7.771181
00 00 00 00 00 00 00 00 	7.771181	0: 
---------------
00 00 00 00 00 00 00 00 	0.000000
00 00 00 03 36 20 00 00 	00 00 00 00 00 00 00 00 	7.771181
00 00 00 00 00 00 00 00 	7.771181	0: 
---------------
00 00 00 00 00 00 00 00 	0.000000
00 00 00 00 03 36 20 00 	00 00 00 00 00 00 00 00 	7.771181
00 00 00 00 00 00 00 00 	7.771181	0: 
---------------
00 00 00 00 00 00 00 00 	0.000000
00 00 00 00 00 03 36 20 	00 00 00 00 00 00 00 00 	7.771181
00 00 00 00 00 00 00 00 	7.771181	0: 
---------------
00 00 00 00 00 00 00 00 	0.000000
20 00 00 00 00 00 03 3a 	00 00 00 00 00 00 00 00 	7.771181
00 00 00 00 00 00 00 00 	7.771181	0: 
---------------
00 00 00 00 00 00 00 00 	0.000000
00 03 3a 20 00 00 00 00 	00 00 00 00 00 00 00 00 	7.771181
00 00 00 00 00 00 00 00 	7.771181	0: 
---------------
00 00 00 00 00 00 00 00 	0.000000
00 00 03 3a 20 00 00 00 	00 00 00 00 00 00 00 00 	7.771181
00 00 00 00 00 00 00 00 	7.771181	0: 
---------------
00 00 00 00 00 00 00 00 	0.000000
00 00 00 03 3a 20 00 00 	00 00 00 00 00 00 00 00 	7.771181
00 00 00 00 00 00 00 00 	7.771181	0: 
---------------
00 00 00 00 00 00 00 00 	0.000000
00 00 00 00 03 3a 20 00 	00 00 00 00 00 00 00 00 	7.771181
00 00 00 00 00 00 00 00 	7.771181	0: 
---------------
00 00 00 00 00 00 00 00 	0.000000
00 00 00 00 00 03 3a 20 	00 00 00 00 00 00 00 00 	7.771181
00 00 00 00 00 00 00 00 	7.771181	0: 
---------------
00 00 00 00 00 00 00 00 	0.000000
36 20 00 00 00 00 00 03 	00 00 00 00 00 00 00 00 	7.771181
00 00 00 00 00 00 00 00 	7.771181	0: 
---------------
00 00 00 00 00 00 00 00 	0.000000
00 03 36 20 00 00 00 00 	00 00 00 00 00 00 00 00 	7.771181
00 00 00 00 00 00 00 00 	7.771181	0: 
---------------
00 00 00 00 00 00 00 00 	0.000000
00 00 03 36 20 00 00 00 	00 00 00 00 00 00 00 00 	7.771181
00 00 00 00 00 00 00 00 	7.771181	0: 
---------------
00 00 00 00 00 00 00 00 	0.000000
00 00 00 03 36 20 00 00 	00 00 00 00 00 00 00 00 	7.771181
00 00 00 00 00 00 00 00 	7.771181	0: 
---------------
00 00 00 00 00 00 00 00 	0.000000
00 00 00 00 03 36 20 00 	00 00 00 00 00 00 00 00 	7.771181
00 00 00 00 00 00 00 00 	7.771181	0: 
---------------
00 00 00 00 00 00 00 00 	0.000000
00 00 00 00 00 03 36 20 	00 00 00 00 00 00 00 00 	7.771181
00 00 00 00 00 00 00 00 	7.771181	0: 
---------------
00 00 00 00 00 00 00 00 	0.000000
3a 20 00 00 00 00 00 03 	00 00 00 00 00 00 00 00 	7.771181
00 00 00 00 00 00 00 00 	7.771181	0: 
---------------
00 00 00 00 00 00 00 00 	0.000000
00 03 3a 20 00 00 00 00 	00 00 00 00 00 00 00 00 	7.771181
00 00 00 00 00 00 00 00 	7.771181	0: 
---------------
00 00 00 00 00 00 00 00 	0.000000
00 00 03 3a 20 00 00 00 	00 00 00 00 00 00 00 00 	7.771181
00 00 00 00 00 00 00 00 	7.771181	0: 
---------------
00 00 00 00 00 00 00 00 	0.000000
00 00 00 03 3a 20 00 00 	00 00 00 00 00 00 00 00 	7.771181
00 00 00 00 00 00 00 00 	7.771181	0: 
---------------
00 00 00 00 00 00 00 00 	0.000000
00 00 00 00 03 3a 20 00 	00 00 00 00 00 00 00 00 	7.771181
00 00 00 00 00 00 00 00 	7.771181	0: 
---------------
00 00 00 00 00 00 00 00 	0.000000
00 00 00 00 00 03 3a 20 	00 00 00 00 00 00 00 00 	7.771181
00 00 00 00 00 00 00 00 	7.771181	0: 
---------------
00 00 00 00 00 00 00 00 	0.000000
03 3a 20 00 00 00 00 00 	00 00 00 00 00 00 00 00 	7.771181
00 00 00 00 00 00 00 00 	7.771181	0: 
---------------
00 00 00 00 00 00 00 00 	0.000000
00 03 3a 20 00 00 00 00 	00 00 00 00 00 00 00 00 	7.771181
00 00 00 00 00 00 00 00 	7.771181	0: 
---------------
00 00 00 00 00 00 00 00 	0.000000
00 00 03 3a 20 00 00 00 	00 00 00 00 00 00 00 00 	7.771181
00 00 00 00 00 00 00 00 	7.771181	0: 
---------------
00 00 00 00 00 00 00 00 	0.000000
00 00 00 03 3a 20 00 00 	00 00 00 00 00 00 00 00 	7.771181
00 00 00 00 00 00 00 00 	7.771181	0: 
---------------
00 00 00 00 00 00 00 00 	0.000000
00 00 00 00 03 3a 20 00 	00 00 00 00 00 00 00 00 	7.771181
00 00 00 00 00 00 00 00 	7.771181	0: 
---------------
00 00 00 00 00 00 00 00 	0.000000
00 00 00 00 00 03 3a 20 	00 00 00 00 00 00 00 00 	7.771181
00 00 00 00 00 00 00 00 	7.771181	0: 
---------------
00 00 00 00 00 00 00 00 	0.000000
03 36 20 00 00 00 00 00 	00 00 00 00 00 00 00 00 	7.771181
00 00 00 00 00 00 00 00 	7.771181	0: 
---------------
00 00 00 00 00 00 00 00 	0.000000
00 03 36 20 00 00 00 00 	00 00 00 00 00 00 00 00 	7.771181
00 00 00 00 00 00 00 00 	7.771181	0: 
---------------
00 00 00 00 00 00 00 00 	0.000000
00 00 03 36 20 00 00 00 	00 00 00 00 00 00 00 00 	7.771181
00 00 00 00 00 00 00 00 	7.771181	0: 
---------------
00 00 00 00 00 00 00 00 	0.000000
00 00 00 03 36 20 00 00 	00 00 00 00 00 00 00 00 	7.771181
00 00 00 00 00 00 00 00 	7.771181	0: 
---------------
00 00 00 00 00 00 00 00 	0.000000
00 00 00 00 03 36 20 00 	00 00 00 00 00 00 00 00 	7.771181
00 00 00 00 00 00 00 00 	7.771181	0: 
---------------
00 00 00 00 00 00 00 00 	0.000000
00 00 00 00 00 03 36 20 	00 00 00 00 00 00 00 00 	7.771181
00 00 00 00 00 00 00 00 	7.771181	0: 
---------------
0c 00 00 00 00 00 00 00 	2.000000
00 00 00 00 00 00 00 00 	00 00 00 00 00 00 00 00 	2.000000
0c 00 00 00 00 00 00 00 	4.000000	1: 0 
---------------
00 0c 00 00 00 00 00 00 	2.000000
00 00 00 00 00 00 00 00 	00 00 00 00 00 00 00 00 	2.000000
00 0c 00 00 00 00 00 00 	4.000000	1: 1 
---------------
00 00 0c 00 00 00 00 00 	2.000000
00 00 00 00 00 00 00 00 	00 00 00 00 00 00 00 00 	2.000000
00 00 0c 00 00 00 00 00 	4.000000	1: 2 
---------------
00 00 0c 00 00 00 00 00 	2.000000
00 00 00 08 00 08 00 00 	00 00 0c 00 00 00 00 00 	8.000000
00 00 00 00 00 00 00 00 	8.000000	0: 
---------------
00 00 0c 00 00 00 00 00 	2.000000
00 00 00 08 00 08 00 00 	00 00 0c 00 00 00 00 00 	8.000000
00 00 00 00 00 00 00 00 	8.000000	0: 
---------------
00 00 00 0c 00 00 00 00 	2.000000
00 00 00 00 00 00 00 00 	00 00 00 00 00 00 00 00 	2.000000
00 00 00 0c 00 00 00 00 	4.000000	1: 3 
---------------
00 00 00 00 0c 00 00 00 	2.000000
00 00 00 00 00 00 00 00 	00 00 00 00 00 00 00 00 	2.000000
00 00 00 00 0c 00 00 00 	4.000000	1: 4 
---------------
00 00 00 00 00 0c 00 00 	2.000000
00 00 00 00 00 00 00 00 	00 00 00 00 00 00 00 00 	2.000000
00 00 00 00 00 0c 00 00 	4.000000	1: 5 
---------------
00 00 00 00 00 0c 00 00 	2.000000
08 00 00 00 00 00 08 00 	00 00 00 00 00 0c 00 00 	8.000000
00 00 00 00 00 00 00 00 	8.000000	0: 
---------------
00 00 00 00 00 00 0c 00 	2.000000
00 00 00 00 00 00 00 00 	00 00 00 00 00 00 00 00 	2.000000
00 00 00 00 00 00 0c 00 	4.000000	1: 6 
---------------
00 00 00 00 00 00 00 0c 	2.000000
00 00 00 00 00 00 00 00 	00 00 00 00 00 00 00 00 	2.000000
00 00 00 00 00 00 00 0c 	4.000000	1: 7 
---------------
08 00 00 00 00 00 00 00 	2.415037
00 00 00 00 00 00 00 00 	00 00 00 00 00 00 00 00 	2.415037
08 00 00 00 00 00 00 00 	4.830075	1: 0 
---------------
08 00 00 00 00 00 00 00 	2.415037
00 04 00 00 00 00 00 00 	08 00 00 00 08 00 00 00 	5.415037
00 00 00 00 08 00 00 00 	7.830074	1: 4 
---------------
08 00 00 00 00 00 00 00 	2.415037
00 08 00 00 00 00 00 00 	08 00 00 00 08 00 00 00 	5.415037
00 00 00 00 08 00 00 00 	7.830074	1: 4 
---------------
08 00 00 00 00 00 00 00 	2.415037
00 0e 24 00 00 00 00 00 	08 00 00 00 00 00 00 00 	7.607682
00 00 00 00 00 00 00 00 	7.607682	0: 
---------------
08 00 00 00 00 00 00 00 	2.415037
00 0e 20 00 00 00 00 00 	08 00 00 00 00 00 00 00 	7.285754
00 00 00 00 00 00 00 00 	7.285754	0: 
---------------
08 00 00 00 00 00 00 00 	2.415037
00 0e 20 00 00 00 00 00 	08 00 00 00 00 00 00 00 	7.285754
00 00 00 00 00 00 00 00 	7.285754	0: 
---------------
08 00 00 00 00 00 00 00 	2.415037
00 0e 24 00 00 00 00 00 	08 00 00 00 00 00 00 00 	7.607682
00 00 00 00 00 00 00 00 	7.607682	0: 
---------------
00 08 00 00 00 00 00 00 	2.415037
00 00 00 00 00 00 00 00 	00 00 00 00 00 00 00 00 	2.415037
00 08 00 00 00 00 00 00 	4.830075	1: 1 
---------------
00 08 00 00 00 00 00 00 	2.415037
00 00 04 00 00 00 00 00 	00 08 00 00 00 00 00 08 	5.415037
00 00 00 00 00 00 00 08 	7.830074	1: 7 
---------------
00 08 00 00 00 00 00 00 	2.415037
00 00 08 00 00 00 00 00 	00 08 00 00 00 00 00 08 	5.415037
00 00 00 00 00 00 00 08 	7.830074	1: 7 
---------------
00 08 00 00 00 00 00 00 	2.415037
00 00 0a 20 00 00 00 00 	00 08 00 00 00 00 00 00 	7.508146
00 00 00 00 00 00 00 00 	7.508146	0: 
---------------
00 08 00 00 00 00 00 00 	2.415037
00 00 0a 24 00 00 00 00 	00 08 00 00 00 00 00 00 	7.830074
00 00 00 00 00 00 00 00 	7.830074	0: 
---------------
00 08 00 00 00 00 00 00 	2.415037
00 03 3c 00 00 00 00 00 	00 08 00 00 00 00 00 00 	7.771181
00 00 00 00 00 00 00 00 	7.771181	0: 
---------------
00 08 00 00 00 00 00 00 	2.415037
00 03 30 00 00 00 00 00 	00 08 00 00 00 00 00 00 	7.771181
00 00 00 00 00 00 00 00 	7.771181	0: 
---------------
00 08 00 00 00 00 00 00 	2.415037
00 03 30 00 00 00 00 00 	00 08 00 00 00 00 00 00 	7.771181
00 00 00 00 00 00 00 00 	7.771181	0: 
---------------
00 08 00 00 00 00 00 00 	2.415037
00 03 3c 00 00 00 00 00 	00 08 00 00 00 00 00 00 	7.771181
00 00 00 00 00 00 00 00 	7.771181	0: 
---------------
00 08 00 00 00 00 00 00 	2.415037
00 00 0a 20 00 00 00 00 	00 08 00 00 00 00 00 00 	7.508146
00 00 00 00 00 00 00 00 	7.508146	0: 
---------------
00 08 00 00 00 00 00 00 	2.415037
00 00 0a 24 00 00 00 00 	00 08 00 00 00 00 00 00 	7.830074
00 00 00 00 00 00 00 00 	7.830074	0: 
---------------
00 00 08 00 00 00 00 00 	2.415037
00 00 00 00 00 00 00 00 	00 00 00 00 00 00 00 00 	2.415037
00 00 08 00 00 00 00 00 	4.830075	1: 2 
---------------
00 00 08 00 00 00 00 00 	2.415037
00 00 00 0c 00 00 00 00 	00 00 08 00 00 00 08 00 	4.607682
00 00 00 00 00 00 08 00 	7.022719	1: 6 
---------------
00 00 08 00 00 00 00 00 	2.415037
00 00 00 0e 24 00 00 00 	00 00 08 00 00 00 00 00 	7.607682
00 00 00 00 00 00 00 00 	7.607682	0: 
---------------
00 00 08 00 00 00 00 00 	2.415037
00 00 00 0e 20 00 00 00 	00 00 08 00 00 00 00 00 	7.285754
00 00 00 00 00 00 00 00 	7.285754	0: 
---------------
00 00 08 00 00 00 00 00 	2.415037
00 00 00 0e 20 00 00 00 	00 00 08 00 00 00 00 00 	7.285754
00 00 00 00 00 00 00 00 	7.285754	0: 
---------------
00 00 08 00 00 00 00 00 	2.415037
00 00 00 0e 24 00 00 00 	00 00 08 00 00 00 00 00 	7.607682
00 00 00 00 00 00 00 00 	7.607682	0: 
---------------
00 00 00 08 00 00 00 00 	2.415037
00 00 00 00 00 00 00 00 	00 00 00 00 00 00 00 00 	2.415037
00 00 00 08 00 00 00 00 	4.830075	1: 3 
---------------
00 00 00 08 00 00 00 00 	2.415037
00 00 00 00 0e 24 00 00 	00 00 00 08 00 00 00 00 	7.607682
00 00 00 00 00 00 00 00 	7.607682	0: 
---------------
00 00 00 08 00 00 00 00 	2.415037
00 00 00 00 0e 20 00 00 	00 00 00 08 00 00 00 00 	7.285754
00 00 00 00 00 00 00 00 	7.285754	0: 
---------------
00 00 00 08 00 00 00 00 	2.415037
00 00 00 00 0d 10 00 00 	00 00 00 08 00 00 00 00 	7.830074
00 00 00 00 00 00 00 00 	7.830074	0: 
---------------
00 00 00 08 00 00 00 00 	2.415037
00 00 00 00 0d 18 00 00 	00 00 00 08 00 00 00 00 	7.830074
00 00 00 00 00 00 00 00 	7.830074	0: 
---------------
00 00 00 08 00 00 00 00 	2.415037
00 00 00 03 34 00 00 00 	00 00 00 08 00 00 00 00 	7.285754
00 00 00 00 00 00 00 00 	7.285754	0: 
---------------
00 00 00 08 00 00 00 00 	2.415037
00 00 00 03 34 00 00 00 	00 00 00 08 00 00 00 00 	7.093109
00 00 00 00 00 00 00 00 	7.093109	0: 
---------------
00 00 00 08 00 00 00 00 	2.415037
00 00 00 03 34 00 00 00 	00 00 00 08 00 00 00 00 	7.415037
00 00 00 00 00 00 00 00 	7.415037	0: 
---------------
00 00 00 08 00 00 00 00 	2.415037
00 00 00 03 34 00 00 00 	00 00 00 08 00 00 00 00 	7.607682
00 00 00 00 00 00 00 00 	7.607682	0: 
---------------
00 00 00 08 00 00 00 00 	2.415037
00 00 00 03 34 00 00 00 	00 00 00 08 00 00 00 00 	7.830074
00 00 00 00 00 00 00 00 	7.830074	0: 
---------------
00 00 00 08 00 00 00 00 	2.415037
00 00 00 03 34 00 00 00 	00 00 00 08 00 00 00 00 	7.093109
00 00 00 00 00 00 00 00 	7.093109	0: 
---------------
00 00 00 08 00 00 00 00 	2.415037
00 00 00 03 34 00 00 00 	00 00 00 08 00 00 00 00 	7.415037
00 00 00 00 00 00 00 00 	7.415037	0: 
---------------
00 00 00 08 00 00 00 00 	2.415037
00 00 00 03 34 00 00 00 	00 00 00 08 00 00 00 00 	7.830074
00 00 00 00 00 00 00 00 	7.830074	0: 
---------------
00 00 00 08 00 00 00 00 	2.415037
00 00 00 03 34 00 00 00 	00 00 00 08 00 00 00 00 	7.607682
00 00 00 00 00 00 00 00 	7.607682	0: 
---------------
00 00 00 08 00 00 00 00 	2.415037
00 00 00 03 34 00 00 00 	00 00 00 08 00 00 00 00 	7.285754
00 00 00 00 00 00 00 00 	7.285754	0: 
---------------
00 00 00 08 00 00 00 00 	2.415037
00 00 00 00 0e 20 00 00 	00 00 00 08 00 00 00 00 	7.285754
00 00 00 00 00 00 00 00 	7.285754	0: 
---------------
00 00 00 08 00 00 00 00 	2.415037
00 00 00 00 0e 24 00 00 	00 00 00 08 00 00 00 00 	7.607682
00 00 00 00 00 00 00 00 	7.607682	0: 
---------------
00 00 00 08 00 00 00 00 	2.415037
00 00 00 00 0d 10 00 00 	00 00 00 08 00 00 00 00 	7.830074
00 00 00 00 00 00 00 00 	7.830074	0: 
---------------
00 00 00 08 00 00 00 00 	2.415037
00 00 00 00 0d 18 00 00 	00 00 00 08 00 00 00 00 	7.830074
00 00 00 00 00 00 00 00 	7.830074	0: 
---------------
00 00 00 00 08 00 00 00 	2.415037
00 00 00 00 00 00 00 00 	00 00 00 00 00 00 00 00 	2.415037
00 00 00 00 08 00 00 00 	4.830075	1: 4 
---------------
00 00 00 00 08 00 00 00 	2.415037
00 04 00 00 00 00 00 00 	08 00 00 00 08 00 00 00 	5.415037
08 00 00 00 00 00 00 00 	7.830074	1: 0 
---------------
00 00 00 00 08 00 00 00 	2.415037
00 08 00 00 00 00 00 00 	08 00 00 00 08 00 00 00 	5.415037
08 00 00 00 00 00 00 00 	7.830074	1: 0 
---------------
00 00 00 00 08 00 00 00 	2.415037
00 0a 20 00 00 00 00 00 	00 00 00 00 08 00 00 00 	7.508146
00 00 00 00 00 00 00 00 	7.508146	0: 
---------------
00 00 00 00 08 00 00 00 	2.415037
00 0a 24 00 00 00 00 00 	00 00 00 00 08 00 00 00 	7.830074
00 00 00 00 00 00 00 00 	7.830074	0: 
---------------
00 00 00 00 08 00 00 00 	2.415037
03 30 00 00 00 00 00 00 	00 00 00 00 08 00 00 00 	7.771181
00 00 00 00 00 00 00 00 	7.771181	0: 
---------------
00 00 00 00 08 00 00 00 	2.415037
03 3c 00 00 00 00 00 00 	00 00 00 00 08 00 00 00 	7.771181
00 00 00 00 00 00 00 00 	7.771181	0: 
---------------
00 00 00 00 08 00 00 00 	2.415037
00 0a 20 00 00 00 00 00 	00 00 00 00 08 00 00 00 	7.508146
00 00 00 00 00 00 00 00 	7.508146	0: 
---------------
00 00 00 00 08 00 00 00 	2.415037
00 0a 24 00 00 00 00 00 	00 00 00 00 08 00 00 00 	7.830074
00 00 00 00 00 00 00 00 	7.830074	0: 
---------------
00 00 00 00 00 08 00 00 	2.415037
00 00 00 00 00 00 00 00 	00 00 00 00 00 00 00 00 	2.415037
00 00 00 00 00 08 00 00 	4.830075	1: 5 
---------------
00 00 00 00 00 08 00 00 	2.415037
00 00 00 00 00 00 0e 24 	00 00 00 00 00 08 00 00 	7.607682
00 00 00 00 00 00 00 00 	7.607682	0: 
---------------
00 00 00 00 00 08 00 00 	2.415037
00 00 00 00 00 00 0e 20 	00 00 00 00 00 08 00 00 	7.285754
00 00 00 00 00 00 00 00 	7.285754	0: 
---------------
00 00 00 00 00 08 00 00 	2.415037
00 00 00 00 00 00 0e 20 	00 00 00 00 00 08 00 00 	7.285754
00 00 00 00 00 00 00 00 	7.285754	0: 
---------------
00 00 00 00 00 08 00 00 	2.415037
00 00 00 00 00 00 0e 24 	00 00 00 00 00 08 00 00 	7.607682
00 00 00 00 00 00 00 00 	7.607682	0: 
---------------
00 00 00 00 00 00 08 00 	2.415037
00 00 00 00 00 00 00 00 	00 00 00 00 00 00 00 00 	2.415037
00 00 00 00 00 00 08 00 	4.830075	1: 6 
---------------
00 00 00 00 00 00 08 00 	2.415037
00 00 00 0c 00 00 00 00 	00 00 08 00 00 00 08 00 	4.607682
00 00 08 00 00 00 00 00 	7.022719	1: 2 
---------------
00 00 00 00 00 00 08 00 	2.415037
00 00 03 38 00 00 00 00 	00 00 00 00 00 00 08 00 	7.285754
00 00 00 00 00 00 00 00 	7.285754	0: 
---------------
00 00 00 00 00 00 08 00 	2.415037
00 00 03 38 00 00 00 00 	00 00 00 00 00 00 08 00 	7.607682
00 00 00 00 00 00 00 00 	7.607682	0: 
---------------
00 00 00 00 00 00 08 00 	2.415037
00 00 03 38 00 00 00 00 	00 00 00 00 00 00 08 00 	7.607682
00 00 00 00 00 00 00 00 	7.607682	0: 
---------------
00 00 00 00 00 00 08 00 	2.415037
00 00 03 38 00 00 00 00 	00 00 00 00 00 00 08 00 	7.285754
00 00 00 00 00 00 00 00 	7.285754	0: 
---------------
00 00 00 00 00 00 00 08 	2.415037
00 00 00 00 00 00 00 00 	00 00 00 00 00 00 00 00 	2.415037
00 00 00 00 00 00 00 08 	4.830075	1: 7 
---------------
00 00 00 00 00 00 00 08 	2.415037
00 00 04 00 00 00 00 00 	00 08 00 00 00 00 00 08 	5.415037
00 08 00 00 00 00 00 00 	7.830074	1: 1 
---------------
00 00 00 00 00 00 00 08 	2.415037
00 00 08 00 00 00 00 00 	00 08 00 00 00 00 00 08 	5.415037
00 08 00 00 00 00 00 00 	7.830074	1: 1 
---------------
00 00 00 00 00 00 00 08 	2.415037
00 00 0e 24 00 00 00 00 	00 00 00 00 00 00 00 08 	7.607682
00 00 00 00 00 00 00 00 	7.607682	0: 
---------------
00 00 00 00 00 00 00 08 	2.415037
00 00 0e 20 00 00 00 00 	00 00 00 00 00 00 00 08 	7.285754
00 00 00 00 00 00 00 00 	7.285754	0: 
---------------
00 00 00 00 00 00 00 08 	2.415037
00 00 0e 20 00 00 00 00 	00 00 00 00 00 00 00 08 	7.285754
00 00 00 00 00 00 00 00 	7.285754	0: 
---------------
00 00 00 00 00 00 00 08 	2.415037
00 00 0e 24 00 00 00 00 	00 00 00 00 00 00 00 08 	7.607682
00 00 00 00 00 00 00 00 	7.607682	0: 
---------------
04 00 00 00 00 00 00 00 	2.678072
00 00 00 00 00 00 00 00 	00 00 00 00 00 00 00 00 	2.678072
04 00 00 00 00 00 00 00 	5.356144	1: 0 
---------------
04 00 00 00 00 00 00 00 	2.678072
00 00 00 00 0a 20 00 00 	04 00 00 00 00 00 00 00 	7.771181
00 00 00 00 00 00 00 00 	7.771181	0: 
---------------
04 00 00 00 00 00 00 00 	2.678072
00 00 00 00 0a 20 00 00 	04 00 00 00 00 00 00 00 	7.771181
00 00 00 00 00 00 00 00 	7.771181	0: 
---------------
00 04 00 00 00 00 00 00 	2.678072
00 00 00 00 00 00 00 00 	00 00 00 00 00 00 00 00 	2.678072
00 04 00 00 00 00 00 00 	5.356144	1: 1 
---------------
00 04 00 00 00 00 00 00 	2.678072
00 00 00 00 00 00 0a 20 	00 04 00 00 00 00 00 00 	7.771181
00 00 00 00 00 00 00 00 	7.771181	0: 
---------------
00 04 00 00 00 00 00 00 	2.678072
00 00 00 00 00 00 0a 20 	00 04 00 00 00 00 00 00 	7.771181
00 00 00 00 00 00 00 00 	7.771181	0: 
---------------
00 00 04 00 00 00 00 00 	2.678072
00 00 00 00 00 00 00 00 	00 00 00 00 00 00 00 00 	2.678072
00 00 04 00 00 00 00 00 	5.356144	1: 2 
---------------
00 00 04 00 00 00 00 00 	2.678072
00 00 00 00 00 0e 24 00 	00 00 04 00 00 00 00 00 	7.870717
00 00 00 00 00 00 00 00 	7.870717	0: 
---------------
00 00 04 00 00 00 00 00 	2.678072
00 00 00 00 00 0e 20 00 	00 00 04 00 00 00 00 00 	7.548789
00 00 00 00 00 00 00 00 	7.548789	0: 
---------------
00 00 04 00 00 00 00 00 	2.678072
00 00 00 00 00 0e 20 00 	00 00 04 00 00 00 00 00 	7.548789
00 00 00 00 00 00 00 00 	7.548789	0: 
---------------
00 00 04 00 00 00 00 00 	2.678072
00 00 00 00 00 0e 24 00 	00 00 04 00 00 00 00 00 	7.870717
00 00 00 00 00 00 00 00 	7.870717	0: 
---------------
00 00 00 04 00 00 00 00 	2.678072
00 00 00 00 00 00 00 00 	00 00 00 00 00 00 00 00 	2.678072
00 00 00 04 00 00 00 00 	5.356144	1: 3 
---------------
00 00 00 04 00 00 00 00 	2.678072
24 00 00 00 00 00 00 0e 	00 00 00 04 00 00 00 00 	7.870717
00 00 00 00 00 00 00 00 	7.870717	0: 
---------------
00 00 00 04 00 00 00 00 	2.678072
20 00 00 00 00 00 00 0e 	00 00 00 04 00 00 00 00 	7.548789
00 00 00 00 00 00 00 00 	7.548789	0: 
---------------
00 00 00 00 04 00 00 00 	2.678072
00 00 00 00 00 00 00 00 	00 00 00 00 00 00 00 00 	2.678072
00 00 00 00 04 00 00 00 	5.356144	1: 4 
---------------
00 00 00 00 04 00 00 00 	2.678072
00 00 00 00 00 0a 20 00 	00 00 00 00 04 00 00 00 	7.771181
00 00 00 00 00 00 00 00 	7.771181	0: 
---------------
00 00 00 00 04 00 00 00 	2.678072
00 00 00 00 00 0a 20 00 	00 00 00 00 04 00 00 00 	7.771181
00 00 00 00 00 00 00 00 	7.771181	0: 
---------------
00 00 00 00 00 04 00 00 	2.678072
00 00 00 00 00 00 00 00 	00 00 00 00 00 00 00 00 	2.678072
00 00 00 00 00 04 00 00 	5.356144	1: 5 
---------------
00 00 00 00 00 04 00 00 	2.678072
0e 20 00 00 00 00 00 00 	00 00 00 00 00 04 00 00 	7.548789
00 00 00 00 00 00 00 00 	7.548789	0: 
---------------
00 00 00 00 00 04 00 00 	2.678072
0e 24 00 00 00 00 00 00 	00 00 00 00 00 04 00 00 	7.870717
00 00 00 00 00 00 00 00 	7.870717	0: 
---------------
00 00 00 00 00 00 04 00 	2.678072
00 00 00 00 00 00 00 00 	00 00 00 00 00 00 00 00 	2.678072
00 00 00 00 00 00 04 00 	5.356144	1: 6 
---------------
00 00 00 00 00 00 04 00 	2.678072
24 00 00 00 00 00 00 0e 	00 00 00 00 00 00 04 00 	7.870717
00 00 00 00 00 00 00 00 	7.870717	0: 
---------------
00 00 00 00 00 00 04 00 	2.678072
20 00 00 00 00 00 00 0e 	00 00 00 00 00 00 04 00 	7.548789
00 00 00 00 00 00 00 00 	7.548789	0: 
---------------
00 00 00 00 00 00 04 00 	2.678072
00 00 00 00 00 00 03 34 	00 00 00 00 00 00 04 00 	7.548789
00 00 00 00 00 00 00 00 	7.548789	0: 
---------------
00 00 00 00 00 00 04 00 	2.678072
00 00 00 00 00 00 03 34 	00 00 00 00 00 00 04 00 	7.356144
00 00 00 00 00 00 00 00 	7.356144	0: 
---------------
00 00 00 00 00 00 04 00 	2.678072
00 00 00 00 00 00 03 34 	00 00 00 00 00 00 04 00 	7.678072
00 00 00 00 00 00 00 00 	7.678072	0: 
---------------
00 00 00 00 00 00 04 00 	2.678072
00 00 00 00 00 00 03 34 	00 00 00 00 00 00 04 00 	7.870717
00 00 00 00 00 00 00 00 	7.870717	0: 
---------------
00 00 00 00 00 00 04 00 	2.678072
00 00 00 00 00 00 03 34 	00 00 00 00 00 00 04 00 	7.356144
00 00 00 00 00 00 00 00 	7.356144	0: 
---------------
00 00 00 00 00 00 04 00 	2.678072
00 00 00 00 00 00 03 34 	00 00 00 00 00 00 04 00 	7.678072
00 00 00 00 00 00 00 00 	7.678072	0: 
---------------
00 00 00 00 00 00 04 00 	2.678072
00 00 00 00 00 00 03 34 	00 00 00 00 00 00 04 00 	7.870717
00 00 00 00 00 00 00 00 	7.870717	0: 
---------------
00 00 00 00 00 00 04 00 	2.678072
00 00 00 00 00 00 03 34 	00 00 00 00 00 00 04 00 	7.548789
00 00 00 00 00 00 00 00 	7.548789	0: 
---------------
00 00 00 00 00 00 00 04 	2.678072
00 00 00 00 00 00 00 00 	00 00 00 00 00 00 00 00 	2.678072
00 00 00 00 00 00 00 04 	5.356144	1: 7 
---------------
00 00 00 00 00 00 00 04 	2.678072
0a 20 00 00 00 00 00 00 	00 00 00 00 00 00 00 04 	7.771181
00 00 00 00 00 00 00 00 	7.771181	0: 
---------------
10 00 00 00 00 00 00 01 	4.000000
00 00 00 00 00 00 00 00 	00 00 00 00 00 00 00 00 	4.000000
10 00 00 00 00 00 00 01 	8.000000	2: 0 7 
---------------
00 01 10 00 00 00 00 00 	4.000000
00 00 00 00 00 00 00 00 	00 00 00 00 00 00 00 00 	4.000000
00 01 10 00 00 00 00 00 	8.000000	2: 1 2 
---------------
00 00 01 10 00 00 00 00 	4.000000
00 00 00 00 00 00 00 00 	00 00 00 00 00 00 00 00 	4.000000
00 00 01 10 00 00 00 00 	8.000000	2: 2 3 
---------------
00 00 00 01 10 00 00 00 	4.000000
00 00 00 00 00 00 00 00 	00 00 00 00 00 00 00 00 	4.000000
00 00 00 01 10 00 00 00 	8.000000	2: 3 4 
---------------
00 00 00 00 01 10 00 00 	4.000000
00 00 00 00 00 00 00 00 	00 00 00 00 00 00 00 00 	4.000000
00 00 00 00 01 10 00 00 	8.000000	2: 4 5 
---------------
00 00 00 00 00 01 10 00 	4.000000
00 00 00 00 00 00 00 00 	00 00 00 00 00 00 00 00 	4.000000
00 00 00 00 00 01 10 00 	8.000000	2: 5 6 
---------------
00 00 00 00 00 00 01 10 	4.000000
00 00 00 00 00 00 00 00 	00 00 00 00 00 00 00 00 	4.000000
00 00 00 00 00 00 01 10 	8.000000	2: 6 7 
---------------
18 00 00 00 00 00 00 01 	4.000000
00 00 00 00 00 00 00 00 	00 00 00 00 00 00 00 00 	4.000000
18 00 00 00 00 00 00 01 	8.000000	2: 0 7 
---------------
00 01 18 00 00 00 00 00 	4.000000
00 00 00 00 00 00 00 00 	00 00 00 00 00 00 00 00 	4.000000
00 01 18 00 00 00 00 00 	8.000000	2: 1 2 
---------------
00 00 01 18 00 00 00 00 	4.000000
00 00 00 00 00 00 00 00 	00 00 00 00 00 00 00 00 	4.000000
00 00 01 18 00 00 00 00 	8.000000	2: 2 3 
---------------
00 00 00 01 18 00 00 00 	4.000000
00 00 00 00 00 00 00 00 	00 00 00 00 00 00 00 00 	4.000000
00 00 00 01 18 00 00 00 	8.000000	2: 3 4 
---------------
00 00 00 00 01 18 00 00 	4.000000
00 00 00 00 00 00 00 00 	00 00 00 00 00 00 00 00 	4.000000
00 00 00 00 01 18 00 00 	8.000000	2: 4 5 
---------------
00 00 00 00 00 01 18 00 	4.000000
00 00 00 00 00 00 00 00 	00 00 00 00 00 00 00 00 	4.000000
00 00 00 00 00 01 18 00 	8.000000	2: 5 6 
---------------
00 00 00 00 00 00 01 18 	4.000000
00 00 00 00 00 00 00 00 	00 00 00 00 00 00 00 00 	4.000000
00 00 00 00 00 00 01 18 	8.000000	2: 6 7 
---------------
0c 00 00 00 00 00 00 0c 	4.000000
00 00 00 00 00 00 00 00 	00 00 00 00 00 00 00 00 	4.000000
0c 00 00 00 00 00 00 0c 	8.000000	2: 0 7 
---------------
00 0c 0c 00 00 00 00 00 	4.000000
00 00 00 00 00 00 00 00 	00 00 00 00 00 00 00 00 	4.000000
00 0c 0c 00 00 00 00 00 	8.000000	2: 1 2 
---------------
00 00 0c 0c 00 00 00 00 	4.000000
00 00 00 00 00 00 00 00 	00 00 00 00 00 00 00 00 	4.000000
00 00 0c 0c 00 00 00 00 	8.000000	2: 2 3 
---------------
00 00 00 0c 0c 00 00 00 	4.000000
00 00 00 00 00 00 00 00 	00 00 00 00 00 00 00 00 	4.000000
00 00 00 0c 0c 00 00 00 	8.000000	2: 3 4 
---------------
00 00 00 00 0c 0c 00 00 	4.000000
00 00 00 00 00 00 00 00 	00 00 00 00 00 00 00 00 	4.000000
00 00 00 00 0c 0c 00 00 	8.000000	2: 4 5 
---------------
00 00 00 00 00 0c 0c 00 	4.000000
00 00 00 00 00 00 00 00 	00 00 00 00 00 00 00 00 	4.000000
00 00 00 00 00 0c 0c 00 	8.000000	2: 5 6 
---------------
00 00 00 00 00 00 0c 0c 	4.000000
00 00 00 00 00 00 00 00 	00 00 00 00 00 00 00 00 	4.000000
00 00 00 00 00 00 0c 0c 	8.000000	2: 6 7 
---------------
0c 00 00 00 00 00 0c 00 	4.000000
00 00 00 00 00 00 00 00 	00 00 00 00 00 00 00 00 	4.000000
0c 00 00 00 00 00 0c 00 	8.000000	2: 0 6 
---------------
00 0c 00 00 00 00 00 0c 	4.000000
00 00 00 00 00 00 00 00 	00 00 00 00 00 00 00 00 	4.000000
00 0c 00 00 00 00 00 0c 	8.000000	2: 1 7 
---------------
00 0c 00 0c 00 00 00 00 	4.000000
00 00 00 00 00 00 00 00 	00 00 00 00 00 00 00 00 	4.000000
00 0c 00 0c 00 00 00 00 	8.000000	2: 1 3 
---------------
00 00 0c 00 0c 00 00 00 	4.000000
00 00 00 00 00 00 00 00 	00 00 00 00 00 00 00 00 	4.000000
00 00 0c 00 0c 00 00 00 	8.000000	2: 2 4 
---------------
00 00 00 0c 00 0c 00 00 	4.000000
00 00 00 00 00 00 00 00 	00 00 00 00 00 00 00 00 	4.000000
00 00 00 0c 00 0c 00 00 	8.000000	2: 3 5 
---------------
00 00 00 00 0c 00 0c 00 	4.000000
00 00 00 00 00 00 00 00 	00 00 00 00 00 00 00 00 	4.000000
00 00 00 00 0c 00 0c 00 	8.000000	2: 4 6 
---------------
00 00 00 00 00 0c 00 0c 	4.000000
00 00 00 00 00 00 00 00 	00 00 00 00 00 00 00 00 	4.000000
00 00 00 00 00 0c 00 0c 	8.000000	2: 5 7 
---------------
00 08 00 00 00 00 00 08 	4.830074
00 00 04 00 00 00 00 00 	00 08 00 00 00 00 00 08 	7.830074
00 00 00 00 00 00 00 00 	7.830074	0: 
---------------
00 08 00 00 00 00 00 08 	4.830074
00 00 08 00 00 00 00 00 	00 08 00 00 00 00 00 08 	7.830074
00 00 00 00 00 00 00 00 	7.830074	0: 
---------------
0c 00 00 00 00 0c 00 00 	4.000000
00 00 00 00 00 00 00 00 	00 00 00 00 00 00 00 00 	4.000000
0c 00 00 00 00 0c 00 00 	8.000000	2: 0 5 
---------------
00 0c 00 00 00 00 0c 00 	4.000000
00 00 00 00 00 00 00 00 	00 00 00 00 00 00 00 00 	4.000000
00 0c 00 00 00 00 0c 00 	8.000000	2: 1 6 
---------------
00 00 0c 00 00 00 00 0c 	4.000000
00 00 00 00 00 00 00 00 	00 00 00 00 00 00 00 00 	4.000000
00 00 0c 00 00 00 00 0c 	8.000000	2: 2 7 
---------------
00 0c 00 00 0c 00 00 00 	4.000000
00 00 00 00 00 00 00 00 	00 00 00 00 00 00 00 00 	4.000000
00 0c 00 00 0c 00 00 00 	8.000000	2: 1 4 
---------------
00 00 0c 00 00 0c 00 00 	4.000000
00 00 00 00 00 00 00 00 	00 00 00 00 00 00 00 00 	4.000000
00 00 0c 00 00 0c 00 00 	8.000000	2: 2 5 
---------------
00 00 00 0c 00 00 0c 00 	4.000000
00 00 00 00 00 00 00 00 	00 00 00 00 00 00 00 00 	4.000000
00 00 00 0c 00 00 0c 00 	8.000000	2: 3 6 
---------------
00 00 00 00 0c 00 00 0c 	4.000000
00 00 00 00 00 00 00 00 	00 00 00 00 00 00 00 00 	4.000000
00 00 00 00 0c 00 00 0c 	8.000000	2: 4 7 
---------------
0c 00 00 00 0c 00 00 00 	4.000000
00 00 00 00 00 00 00 00 	00 00 00 00 00 00 00 00 	4.000000
0c 00 00 00 0c 00 00 00 	8.000000	2: 0 4 
---------------
00 0c 00 00 00 0c 00 00 	4.000000
00 00 00 00 00 00 00 00 	00 00 00 00 00 00 00 00 	4.000000
00 0c 00 00 00 0c 00 00 	8.000000	2: 1 5 
---------------
00 00 0c 00 00 00 0c 00 	4.000000
00 00 00 00 00 00 00 00 	00 00 00 00 00 00 00 00 	4.000000
00 00 0c 00 00 00 0c 00 	8.000000	2: 2 6 
---------------
00 00 00 0c 00 00 00 0c 	4.000000
00 00 00 00 00 00 00 00 	00 00 00 00 00 00 00 00 	4.000000
00 00 00 0c 00 00 00 0c 	8.000000	2: 3 7 
---------------
00 0c 00 00 00 0c 00 00 	4.000000
00 00 00 00 00 00 00 00 	00 00 00 00 00 00 00 00 	4.000000
00 0c 00 00 00 0c 00 00 	8.000000	2: 1 5 
---------------
00 00 0c 00 00 00 0c 00 	4.000000
00 00 00 00 00 00 00 00 	00 00 00 00 00 00 00 00 	4.000000
00 00 0c 00 00 00 0c 00 	8.000000	2: 2 6 
---------------
00 00 00 0c 00 00 00 0c 	4.000000
00 00 00 00 00 00 00 00 	00 00 00 00 00 00 00 00 	4.000000
00 00 00 0c 00 00 00 0c 	8.000000	2: 3 7 
---------------
08 00 00 00 08 00 00 00 	4.830074
00 04 00 00 00 00 00 00 	08 00 00 00 08 00 00 00 	7.830074
00 00 00 00 00 00 00 00 	7.830074	0: 
---------------
08 00 00 00 08 00 00 00 	4.830074
00 08 00 00 00 00 00 00 	08 00 00 00 08 00 00 00 	7.830074
00 00 00 00 00 00 00 00 	7.830074	0: 
---------------
00 00 08 00 00 00 08 00 	4.830074
00 00 00 0c 00 00 00 00 	00 00 08 00 00 00 08 00 	7.022719
00 00 00 00 00 00 00 00 	7.022719	0: 
---------------
00 00 08 00 00 00 08 00 	4.830074
00 00 00 0c 00 00 00 00 	00 00 08 00 00 00 08 00 	7.022719
00 00 00 00 00 00 00 00 	7.022719	0: 
---------------
0c 00 00 0c 00 00 00 00 	4.000000
00 00 00 00 00 00 00 00 	00 00 00 00 00 00 00 00 	4.000000
0c 00 00 0c 00 00 00 00 	8.000000	2: 0 3 
---------------
00 0c 00 00 0c 00 00 00 	4.000000
00 00 00 00 00 00 00 00 	00 00 00 00 00 00 00 00 	4.000000
00 0c 00 00 0c 00 00 00 	8.000000	2: 1 4 
---------------
00 00 0c 00 00 0c 00 00 	4.000000
00 00 00 00 00 00 00 00 	00 00 00 00 00 00 00 00 	4.000000
00 00 0c 00 00 0c 00 00 	8.000000	2: 2 5 
---------------
00 00 00 0c 00 00 0c 00 	4.000000
00 00 00 00 00 00 00 00 	00 00 00 00 00 00 00 00 	4.000000
00 00 00 0c 00 00 0c 00 	8.000000	2: 3 6 
---------------
00 00 00 00 0c 00 00 0c 	4.000000
00 00 00 00 00 00 00 00 	00 00 00 00 00 00 00 00 	4.000000
00 00 00 00 0c 00 00 0c 	8.000000	2: 4 7 
---------------
00 0c 00 00 00 00 0c 00 	4.000000
00 00 00 00 00 00 00 00 	00 00 00 00 00 00 00 00 	4.000000
00 0c 00 00 00 00 0c 00 	8.000000	2: 1 6 
---------------
00 00 0c 00 00 00 00 0c 	4.000000
00 00 00 00 00 00 00 00 	00 00 00 00 00 00 00 00 	4.000000
00 00 0c 00 00 00 00 0c 	8.000000	2: 2 7 
---------------
0c 00 0c 00 00 00 00 00 	4.000000
00 00 00 00 00 00 00 00 	00 00 00 00 00 00 00 00 	4.000000
0c 00 0c 00 00 00 00 00 	8.000000	2: 0 2 
---------------
00 0c 00 0c 00 00 00 00 	4.000000
00 00 00 00 00 00 00 00 	00 00 00 00 00 00 00 00 	4.000000
00 0c 00 0c 00 00 00 00 	8.000000	2: 1 3 
---------------
00 00 0c 00 0c 00 00 00 	4.000000
00 00 00 00 00 00 00 00 	00 00 00 00 00 00 00 00 	4.000000
00 00 0c 00 0c 00 00 00 	8.000000	2: 2 4 
---------------
00 00 00 0c 00 0c 00 00 	4.000000
00 00 00 00 00 00 00 00 	00 00 00 00 00 00 00 00 	4.000000
00 00 00 0c 00 0c 00 00 	8.000000	2: 3 5 
---------------
00 00 00 00 0c 00 0c 00 	4.000000
00 00 00 00 00 00 00 00 	00 00 00 00 00 00 00 00 	4.000000
00 00 00 00 0c 00 0c 00 	8.000000	2: 4 6 
---------------
00 00 00 00 00 0c 00 0c 	4.000000
00 00 00 00 00 00 00 00 	00 00 00 00 00 00 00 00 	4.000000
00 00 00 00 00 0c 00 0c 	8.000000	2: 5 7 
---------------
00 0c 00 00 00 00 00 0c 	4.000000
00 00 00 00 00 00 00 00 	00 00 00 00 00 00 00 00 	4.000000
00 0c 00 00 00 00 00 0c 	8.000000	2: 1 7 
---------------
00 08 00 00 00 00 00 08 	4.830074
00 00 04 00 00 00 00 00 	00 08 00 00 00 00 00 08 	7.830074
00 00 00 00 00 00 00 00 	7.830074	0: 
---------------
00 08 00 00 00 00 00 08 	4.830074
00 00 08 00 00 00 00 00 	00 08 00 00 00 00 00 08 	7.830074
00 00 00 00 00 00 00 00 	7.830074	0: 
---------------
0c 0c 00 00 00 00 00 00 	4.000000
00 00 00 00 00 00 00 00 	00 00 00 00 00 00 00 00 	4.000000
0c 0c 00 00 00 00 00 00 	8.000000	2: 0 1 
---------------
00 0c 0c 00 00 00 00 00 	4.000000
00 00 00 00 00 00 00 00 	00 00 00 00 00 00 00 00 	4.000000
00 0c 0c 00 00 00 00 00 	8.000000	2: 1 2 
---------------
00 00 0c 0c 00 00 00 00 	4.000000
00 00 00 00 00 00 00 00 	00 00 00 00 00 00 00 00 	4.000000
00 00 0c 0c 00 00 00 00 	8.000000	2: 2 3 
---------------
00 00 00 0c 0c 00 00 00 	4.000000
00 00 00 00 00 00 00 00 	00 00 00 00 00 00 00 00 	4.000000
00 00 00 0c 0c 00 00 00 	8.000000	2: 3 4 
---------------
00 00 00 00 0c 0c 00 00 	4.000000
00 00 00 00 00 00 00 00 	00 00 00 00 00 00 00 00 	4.000000
00 00 00 00 0c 0c 00 00 	8.000000	2: 4 5 
---------------
00 00 00 00 00 0c 0c 00 	4.000000
00 00 00 00 00 00 00 00 	00 00 00 00 00 00 00 00 	4.000000
00 00 00 00 00 0c 0c 00 	8.000000	2: 5 6 
---------------
00 00 00 00 00 00 0c 0c 	4.000000
00 00 00 00 00 00 00 00 	00 00 00 00 00 00 00 00 	4.000000
00 00 00 00 00 00 0c 0c 	8.000000	2: 6 7 
---------------
01 10 00 00 00 00 00 00 	4.000000
00 00 00 00 00 00 00 00 	00 00 00 00 00 00 00 00 	4.000000
01 10 00 00 00 00 00 00 	8.000000	2: 0 1 
---------------
00 01 10 00 00 00 00 00 	4.000000
00 00 00 00 00 00 00 00 	00 00 00 00 00 00 00 00 	4.000000
00 01 10 00 00 00 00 00 	8.000000	2: 1 2 
---------------
00 00 01 10 00 00 00 00 	4.000000
00 00 00 00 00 00 00 00 	00 00 00 00 00 00 00 00 	4.000000
00 00 01 10 00 00 00 00 	8.000000	2: 2 3 
---------------
00 00 00 01 10 00 00 00 	4.000000
00 00 00 00 00 00 00 00 	00 00 00 00 00 00 00 00 	4.000000
00 00 00 01 10 00 00 00 	8.000000	2: 3 4 
---------------
00 00 00 00 01 10 00 00 	4.000000
00 00 00 00 00 00 00 00 	00 00 00 00 00 00 00 00 	4.000000
00 00 00 00 01 10 00 00 	8.000000	2: 4 5 
---------------
00 00 00 00 00 01 10 00 	4.000000
00 00 00 00 00 00 00 00 	00 00 00 00 00 00 00 00 	4.000000
00 00 00 00 00 01 10 00 	8.000000	2: 5 6 
---------------
00 00 00 00 00 00 01 10 	4.000000
00 00 00 00 00 00 00 00 	00 00 00 00 00 00 00 00 	4.000000
00 00 00 00 00 00 01 10 	8.000000	2: 6 7 
---------------
01 18 00 00 00 00 00 00 	4.000000
00 00 00 00 00 00 00 00 	00 00 00 00 00 00 00 00 	4.000000
01 18 00 00 00 00 00 00 	8.000000	2: 0 1 
---------------
00 01 18 00 00 00 00 00 	4.000000
00 00 00 00 00 00 00 00 	00 00 00 00 00 00 00 00 	4.000000
00 01 18 00 00 00 00 00 	8.000000	2: 1 2 
---------------
00 00 01 18 00 00 00 00 	4.000000
00 00 00 00 00 00 00 00 	00 00 00 00 00 00 00 00 	4.000000
00 00 01 18 00 00 00 00 	8.000000	2: 2 3 
---------------
00 00 00 01 18 00 00 00 	4.000000
00 00 00 00 00 00 00 00 	00 00 00 00 00 00 00 00 	4.000000
00 00 00 01 18 00 00 00 	8.000000	2: 3 4 
---------------
00 00 00 00 01 18 00 00 	4.000000
00 00 00 00 00 00 00 00 	00 00 00 00 00 00 00 00 	4.000000
00 00 00 00 01 18 00 00 	8.000000	2: 4 5 
---------------
00 00 00 00 00 01 18 00 	4.000000
00 00 00 00 00 00 00 00 	00 00 00 00 00 00 00 00 	4.000000
00 00 00 00 00 01 18 00 	8.000000	2: 5 6 
---------------
00 00 00 00 00 00 01 18 	4.000000
00 00 00 00 00 00 00 00 	00 00 00 00 00 00 00 00 	4.000000
00 00 00 00 00 00 01 18 	8.000000	2: 6 7 
---------------
